0.1,99.83341664682816,995.0041652780258
0.2,198.66933079506123,980.0665778412416
0.30000000000000004,295.5202066613396,955.336489125606
0.4,389.4183423086505,921.0609940028851
0.5,479.425538604203,877.5825618903727
0.6,564.6424733950354,825.3356149096784
0.7,644.217687237691,764.8421872844885
0.7999999999999999,717.3560908995227,696.7067093471655
0.8999999999999999,783.3269096274832,621.6099682706645
0.9999999999999999,841.4709848078963,540.3023058681398
1.0999999999999999,891.2073600614353,453.5961214255775
1.2,932.0390859672262,362.3577544766736
1.3,963.5581854171929,267.49882862458736
1.4000000000000001,985.4497299884603,169.96714290024082
1.5000000000000002,997.4949866040545,70.73720166770268
1.6000000000000003,999.5736030415051,-29.199522301289036
1.7000000000000004,991.6648104524686,-128.84449429552507
1.8000000000000005,973.847630878195,-227.20209469308753
1.9000000000000006,946.3000876874142,-323.289566863504
