0.5,479.425538604203,877.5825618903727
1.0,841.4709848078965,540.3023058681398
1.5,997.4949866040545,70.7372016677029
2.0,909.2974268256817,-416.1468365471424
2.5,598.4721441039565,-801.1436155469337
3.0,141.12000805986722,-989.9924966004454
3.5,-350.7832276896198,-936.4566872907964
4.0,-756.8024953079282,-653.6436208636119
4.5,-977.530117665097,-210.7957994307797
5.0,-958.9242746631385,283.66218546322625
5.5,-705.5403255703919,708.66977429126
6.0,-279.4154981989259,960.1702866503659
6.5,215.11998808781553,976.5876257280235
7.0,656.9865987187891,753.9022543433045
7.5,937.9999767747389,346.63531783502583
8.0,989.3582466233818,-145.50003380861355
8.5,798.4871126234902,-602.0119026848237
9.0,412.1184852417566,-911.1302618846769
9.5,-75.1511204618093,-997.1721561963784
10.0,-544.0211108893698,-839.0715290764524
10.5,-879.6957599716701,-475.5369279959925
11.0,-999.9902065507034,4.425697988050786
11.5,-875.4521746884285,483.3047587530059
12.0,-536.5729180004349,843.8539587324922
12.5,-66.32189735120069,997.7982791785806
13.0,420.1670368266409,907.4467814501962
13.5,803.784426551621,594.920663309892
14.0,990.6073556948703,136.7372182078336
14.5,934.895055524683,-354.924266788705
15.0,650.2878401571169,-759.6879128588213
15.5,206.4674819377966,-978.4534628188842
16.0,-287.9033166650653,-957.6594803233846
16.5,-711.7853423691231,-702.3970575027136
17.0,-961.3974918795568,-275.16333805159695
17.5,-975.6260054681576,219.43996321145931
18.0,-750.9872467716762,660.3167082440801
18.5,-342.4806184696125,939.524893748256
19.0,149.87720966295234,988.7046181866692
19.5,605.539869719601,795.8149698139441
20.0,912.9452507276277,408.082061813392
20.5,996.8297942787992,-79.56356727854006
21.0,836.655638536056,-547.7292602242684
21.5,471.63900309419614,-881.7917275413241
22.0,-8.851309290403876,-999.9608263946371
22.5,-487.1745124605095,-873.3046400935156
23.0,-846.2204041751706,-532.8330203333975
23.5,-998.0820279793962,-61.905293994420546
24.0,-905.5783620066238,424.17900733699696
24.5,-591.3575298651243,806.4094939122546
25.0,-132.35175009777302,991.2028118634736
25.5,359.0583540221683,933.315112063922
26.0,762.5584504796027,646.9193223286403
26.5,979.3576431039171,202.13512038718198
27.0,956.375928404503,-292.1388087338362
27.5,699.2400316550977,-714.886968779665
28.0,270.90578830786905,-962.6058663135666
28.5,-223.75564018679643,-974.6452757206578
29.0,-663.6338842129676,-748.0575296890004
29.5,-941.0314083429536,-338.3192109710552
30.0,-988.0316240928619,154.25144988758404
30.5,-793.1272394572851,609.0559761063562
31.0,-404.037645323065,914.7423578045313
31.5,83.97445569174683,996.4679075571249
32.0,551.4266812416906,834.2233605065103
32.5,883.8704235458307,467.7318402470736
33.0,999.9118601072672,-13.276747223059479
33.5,871.1400001691763,-491.03472393024043
34.0,529.0826861200238,-848.5702747846052
34.5,57.48747810492456,-998.3462274487422
35.0,-428.18266949615105,-903.6922050915067
35.5,-809.0187662119065,-587.782813560387
36.0,-991.7788534431157,-127.96368962740468
36.5,-931.7168878547055,363.18540841606233
37.0,-643.5381333569995,765.4140519453434
37.5,-197.79879963646226,980.2426408101081
38.0,296.3685787093853,955.0736440472949
38.5,717.9745927716441,696.0693098638897
39.0,963.7953862840878,266.6429323599372
39.5,973.6454556949781,-228.06693448309957
40.0,745.1131604793488,-666.9380616522619
40.5,334.15117684842056,-942.5194910508831
41.0,-158.62266880470898,-987.3392775238265
41.5,-612.5601529754698,-790.4239741978156
42.0,-916.5215479156337,-399.98531498835126
42.5,-996.086503119594,88.38369930580555
43.0,-831.7747426285983,555.1133015206257
43.5,-463.81551598382737,885.9318072699816
44.0,17.701925105413576,999.8433086476912
44.5,494.8853175526281,868.9582973139933
45.0,850.9035245341184,525.3219888177298
45.5,998.5908724117704,53.06853621402457
46.0,901.7883476488092,-432.1779448847783
46.5,584.1965844132856,-811.6121923430246
47.0,123.573122745224,-992.3354691509287
47.5,-367.3053491341913,-930.1004142012891
48.0,-768.2546613236668,-640.1443394691997
48.5,-981.108438603097,-193.4586046207122
49.0,-953.7526527594719,300.59254374363707
49.5,-692.8849542336957,721.0481538680822
50.0,-262.37485370392875,964.9660284921133
50.5,232.37376165548454,972.6265649744922
51.0,670.2291758433747,742.1541968137826
51.5,943.9891127251193,329.9765977405701
52.0,986.6275920404853,-162.99078079570546
52.5,787.705226984118,-616.0523316909849
53.0,395.92515018183417,-918.2827862121189
53.5,-92.79121175730869,-995.6855884367365
54.0,-558.7890488516163,-829.3098328631502
54.5,-887.9758383376634,-459.89010701310366
55.0,-999.7551733586198,22.126756261955737
55.5,-866.7595742607592,498.72621790648566
56.0,-521.5510020869118,853.2201077225841
56.5,-48.648554875087264,998.8159580766447
57.0,436.1647552478249,899.8668269691938
57.5,814.1897215084344,580.5989126669269
58.0,992.8726480845371,119.18013544881929
58.5,928.4657227653786,-371.41809547969405
59.0,636.7380071391378,-771.0802229758452
59.5,189.11462035089153,-981.95501952459
60.0,-304.81062110221666,-952.4129804151563
60.5,-724.1075918674495,-689.6870271361663
61.0,-966.117770008393,-258.10163593826746
61.5,-971.5886235161092,236.67603734656427
62.0,-739.1806966492228,673.5071623235862
62.5,-325.7955554145617,945.4402445803316
63.0,167.35570030280692,985.8965815825496
63.5,619.5324438519511,784.971051068018
64.0,920.0260381967908,391.85723042955
64.5,995.2651713612278,-97.1969067167568
65.0,826.8286794901035,-562.4538512381721
65.5,455.95569022149,-890.0024767126464
66.0,-26.551154023966795,-999.64745596635
66.5,-502.5573497604873,-864.5438740756395
67.0,-855.5199789753223,-517.7697997895051
67.5,-999.021480034635,-44.22762066183892
68.0,-897.9276806892913,440.1430224960407
68.5,-576.9898687885426,816.7513032223336
69.0,-114.78481378318722,993.3903797222716
69.5,375.523566896625,926.8128455655091
70.0,773.8906815578891,633.3192030862998
70.5,982.7823669926928,184.76693191217953
71.0,951.0546532543747,-309.0227281660707
71.5,686.4755912087755,-727.1528468448446
72.0,253.82336276203625,-967.2505882738824
72.5,-240.9736772881011,-970.5316516498831
73.0,-676.7719568873076,-736.1927182273159
73.5,-946.8728581933475,-321.60813176404736
74.0,-985.1462604682474,171.71734183077754
74.5,-782.2215000035424,623.0004212937646
75.0,-387.78163540943046,921.7512697247492
75.5,101.6006978902495,994.8252601277343
76.0,566.1076368981803,824.3313311075577
76.5,892.0116826993705,452.01234267200897
77.0,999.5201585807313,-30.975031731216458
77.5,862.3112401573289,-506.378638074642
78.0,513.9784559875352,-857.8030932449878
78.5,39.805820166669655,-999.2074342602034
79.0,-444.11266870750836,-895.9709467909631
79.5,-819.2968873112808,-573.3695234681092
80.0,-993.8886539233753,-110.38724383904756
80.5,-925.1418149764185,379.62168297153187
81.0,-629.8879942744538,776.6859820216312
81.5,-180.4156244623088,983.5904648022342
82.0,313.22878243308514,949.6776978825432
82.5,730.183859153167,683.2507093535932
83.0,968.3644611001854,249.54011797333814
83.5,969.4556700786148,-245.26659730265726
84.0,733.1903200732922,-680.0234955873387
84.5,317.41440880766936,-948.2869255037094
85.0,-176.07561994858708,-984.3766433940418
85.5,-626.4561960895027,-779.4566276458687
86.0,-923.4584470040597,-383.6984449497419
86.5,-994.3658633527529,106.00249902117564
87.0,-821.8178366308225,569.750334265312
87.5,-448.0601416026092,894.0034169437216
88.0,35.39830273366068,999.3732836951247
88.5,510.1900080017631,860.0617162362018
89.0,860.0694058124532,510.17704494166895
89.5,999.3738171110837,35.383239998937384
90.0,893.9966636005579,-448.07361612917015
90.5,569.7379476169631,-821.8264239151786
91.0,105.98751175115684,-994.3674609282015
91.5,-383.71236343503057,-923.4526637284139
92.0,-779.4660696158047,-626.444447910339
92.5,-984.3792971250845,-176.06078322989717
93.0,-948.2821412699473,317.42870151970163
93.5,-680.0124447360528,733.2005694242856
94.0,-245.25198546765435,969.4593666699875
94.5,249.55471330524378,968.3606998774463
95.0,683.261714736121,730.1735609948197
95.5,949.6824188142243,313.2144686874541
96.0,983.5877454343449,-180.43044929108396
96.5,776.6764881502718,-629.899700551255
97.0,379.6077390275217,-925.1475365964139
97.5,-110.40222389190282,-993.8869900344416
98.0,-573.381871990423,-819.2882452914592
98.5,-895.9776404338033,-444.09916442465226
99.0,-999.2068341863537,39.8208803931389
99.5,-857.795346373455,513.9913848889341
100.0,-506.36564110975877,862.3188722876839
100.5,-30.959966783271344,999.5206253283515
101.0,452.0257871783506,892.0048697881601
101.5,824.33986348825,566.0952123664124
102.0,994.8267913584064,101.58570369662134
102.5,921.7454249067292,-387.7955281633778
103.0,622.9886314423488,-782.2308898871158
103.5,171.70249351277815,-985.1488485104646
104.0,-321.62240316253093,-946.8680107512125
104.5,-736.2029185702025,-676.7608607837155
105.0,-970.5352835374847,-240.95904923620142
105.5,-967.2467624934477,253.8379413049674
106.0,-727.1425000808525,686.4865509069841
106.5,-309.0083936672027,951.0593107915064
107.0,184.78174456066745,982.7795820412206
107.5,633.3308672314487,773.8811359710619
108.0,926.818505417785,375.5095977670121
108.5,993.3886495524434,-114.7997863254662
109.0,816.742606636317,-577.002178942952
109.5,440.12948872139646,-897.9343145007
110.0,-44.24267808507096,-999.020813314648
110.5,-517.7826942789717,-855.512174960245
111.0,-864.5514486106083,-502.5443191453852
111.5,-999.6478560364893,-26.536087157875482
112.0,-889.9956043668334,455.96910444427607
112.5,-562.441389066343,826.8371568000089
113.0,-97.18190589320902,995.2666362171313
113.5,391.87109718004007,920.0201319508784
114.0,784.9803886813105,619.5206125592099
114.5,985.89910388525,167.34084067633054
115.0,945.4353340247703,-325.80980521996423
115.5,673.4960211850264,-739.1908477842096
116.0,236.66139336428606,-971.5921906288022
116.5,-258.11619740667555,-966.1138797451976
117.0,-689.697940935389,-724.0971967004738
117.5,-952.4175744665118,-304.79626613088016
118.0,-981.9521690440836,189.1294205289584
118.5,-771.0706258605185,636.7496289241701
119.0,-371.4041014380902,928.4713207390763
119.5,119.19510018725629,992.870851667703
120.0,580.6111842123142,814.1809705265619
120.5,899.8734008192355,436.1511922464772
121.0,998.8152247235795,-48.66360920015389
121.5,853.2122467168191,-521.5638619118831
122.0,498.7131538963941,-866.7670910519802
122.5,22.111687772831402,-999.7555067434422
123.0,-459.90349068959125,-887.9689066918554
123.5,-829.3182549362247,-558.7765492838215
124.0,-995.6869868891795,-92.77620459766088
124.5,-918.2768186539994,395.93899065726026
125.0,-616.0404591886564,787.7145121442345
125.5,-162.9759101518061,986.6300485542645
126.0,329.990825673782,943.9841391523141
126.5,742.1642985420401,670.2179898880673
127.0,972.630067242408,232.35910202965792
127.5,964.9620738223556,-262.3893978125999
128.0,721.0377105017316,-692.8958219201651
128.5,300.57816858100136,-953.7571832350679
129.0,-193.47339203846846,-981.1055226493881
129.5,-640.1559186664806,-768.2450128678183
130.0,-930.1059501867618,-367.2913304546965
130.5,-992.333606522275,123.58807938670624
131.0,-811.6033871367006,584.2088171092893
131.5,-432.1643529223842,901.7948614087225
132.0,53.08358714605824,998.5900724399912
132.5,525.3348137263215,850.8956066916382
133.0,868.9657562142356,494.8722204034305
133.5,999.8435753406666,17.68685528840119
134.0,885.9248164599484,-463.8288688518717
134.5,555.1007648016929,-831.7831092998797
135.0,88.36868610400144,-996.0878351411849
135.5,-399.9991289176214,-916.515519162193
136.0,-790.4332067228887,-612.5482394960997
136.5,-987.3416682005692,-158.60778743465642
137.0,-942.5144545582509,334.16538263076075
137.5,-666.9268310993051,745.1232126030158
138.0,-228.0522595008612,973.648893049518
138.5,266.6574588239974,963.7913672852274
139.0,696.0801312247415,717.9641014104719
139.5,955.0781108583936,296.3541836370153
140.0,980.2396594403116,-197.81357400426822
140.5,765.4043523379563,-643.5496697397284
141.0,363.171365373259,-931.7223617435201
141.5,-127.97863787897792,-991.7769246391254
142.0,-587.7950071674065,-809.0099069535976
142.5,-903.6986586337073,-428.169048838935
143.0,-998.3453608739179,57.502525349124205
143.5,-848.5623002604958,529.095475861036
144.0,-491.02159389846935,871.1474010323434
144.5,-13.261676373330015,999.9120601031718
145.0,467.7451620451334,883.8633737085003
145.5,834.2316716121213,551.4141076171752
146.0,996.4691731217738,83.95943674184846
146.5,914.7362679738537,-404.0514324356071
147.0,609.0440218832924,-793.1364191664784
147.5,154.23655808285815,-988.033948885742
148.0,-338.3333943242765,-941.0263090291437
148.5,-748.0675320111867,-663.6226092823331
149.0,-974.6486480944947,-223.7409501355837
149.5,-962.6017830643233,270.9202968427898
150.0,-714.8764296291646,699.2508064783751
150.5,-292.1243940336867,956.3803314636135
151.0,202.14988141565362,979.3545963764285
151.5,646.9308156708554,762.5486999106625
152.0,933.320523748862,359.0442868911161
152.5,991.2008169219259,-132.36668966664737
153.0,806.4005807754862,-591.3696841443247
153.5,424.16535825174543,-905.5847552047067
154.0,-61.920337256057316,-998.0810948185002
154.5,-532.8457746563188,-846.2123731256282
155.0,-873.3119827746476,-487.16134980334147
155.5,-999.9609596895538,-8.836237703148543
156.0,-881.7846188147811,471.65229356133864
156.5,-547.7166499404489,836.663893913208
157.0,-79.5485428747221,996.8309933617176
157.5,408.0958218391593,912.9390999389943
158.0,795.8240965274553,605.5278749869898
158.5,988.7068770501515,149.8623077152374
159.0,939.5197317131483,-342.494779115907
159.5,660.3053891566091,-750.9971990964674
160.0,219.42525837900473,-975.6293127952373
160.5,-275.1778283732011,-961.3933444599089
161.0,-702.4077855773711,-711.7747556357235
161.5,-957.6638195442646,-287.88888261947557
162.0,-978.4503507933796,206.48222933781113
162.5,-759.6781115193113,650.2992902336991
163.0,-354.91017584493534,934.9004048997504
163.5,136.75214880138924,990.6052946548401
164.0,594.9327780232086,803.775459710974
164.5,907.4531141789383,420.1533595806971
165.0,997.7972794498908,-66.33693633562373
165.5,843.8458713148201,-536.5856366554476
166.0,483.29156372825656,-875.459459043705
166.5,4.410625958475234,-999.9902731420214
167.0,-475.55018687189875,-879.6885924951523
167.5,-839.079728563448,-544.0084641932425
168.0,-997.1732887740799,-75.13609089835323
168.5,-911.1240502585628,412.13221791123294
169.0,-601.9998676776046,798.4961861625555
169.5,-145.4851220097925,989.360439513222
170.0,346.6494554970303,937.9947521194415
170.5,753.9121564757658,656.9752356961872
171.0,976.5908679435657,215.10526876214118
171.5,960.1660751415484,-279.4299700233931
172.0,708.6591401823226,-705.5510066862998
172.5,283.6477323549146,-958.928549960796
173.0,-210.81053291348132,-977.5269404025313
173.5,-653.6550274502899,-756.7926433898264
174.0,-936.4619742512133,-350.7691132091307
174.5,-989.9903695023021,141.13492938566014
175.0,-801.1345951780407,598.4842190140996
175.5,-416.13313140840114,909.3036989610448
176.0,70.75223608034517,997.4939203271522
176.5,540.3149886061248,841.4628411805024
177.0,877.5897877771157,479.4123114703219
177.5,999.9999998864148,-0.0150721766814562
178.0,877.5753358042688,-479.4387656291727
178.5,540.289623007414,-841.4791282441333
179.0,70.72216723899125,-997.4960526543551
179.5,-416.16054159134734,-909.2911544837531
180.0,-801.1526357338305,-598.460069057858
180.5,-989.9946234736917,-141.105086702016
181.0,-936.4514001176441,350.7973420904214
181.5,-653.6322141284454,756.812347054107
182.0,-210.78106590019152,977.5332947055967
182.5,283.6766385070983,958.9199991476416
183.0,708.6804082392084,705.529644294206
183.5,960.1744979410612,279.40102631098375
184.0,976.5843832906294,-215.13470736462097
184.5,753.8923520395791,-656.997961592143
185.0,346.621180094276,-938.0052012169504
185.5,-145.51494557438124,-989.3560535087885
186.0,-602.0239375552833,-798.4780389030323
186.5,-911.1364733038093,-412.104752478659
187.0,-997.171023392149,75.16615000819327
187.5,-839.0633293988445,544.0337574619116
188.0,-475.52366901205835,879.702927248347
188.5,4.44077001662095,999.9901397322172
189.0,483.3179536679626,875.4448901342752
189.5,843.8620459584654,536.5601992235288
190.0,997.7992786806003,66.30685835171127
190.5,907.440448515309,-420.1807139771352
191.0,594.908548461427,-803.7933932096716
191.5,136.7222875832153,-990.6094165098636
192.0,-354.9383576518463,-934.8897059372352
192.5,-759.6977140257526,-650.2763899328083
193.0,-978.4565746221131,-206.45273449087873
193.5,-957.6551408849527,287.91775064525183
194.0,-702.3863292684921,711.795928940826
194.5,-275.1488476674837,961.4016390808036
195.0,219.45466799406364,975.6226979194444
195.5,660.3280271815468,750.9772942762827
196.0,939.5300555699313,342.4664577455166
196.5,988.7023590985824,-149.89211157661958
197.0,795.805842919647,-605.5518643146513
197.5,408.0683016949204,-912.9514013088667
198.0,-79.57859166428352,-996.8285949694307
198.5,-547.74187038366,-836.6473829688406
199.0,-881.7988360675502,-471.62571251991113
199.5,-999.9606928725589,8.866380875648453
200.0,-873.2972972139946,487.1876750070059
200.5,-532.8202658894324,846.2284350324767
201.0,-61.89025071872073,998.0829609135574
201.5,424.1926563258875,905.5719686028203
202.0,806.4184068658304,591.345375451585
202.5,991.2048065798491,132.33681049883225
203.0,933.3097001669604,-359.072421071653
203.5,646.9078288394643,-762.5682008753122
204.0,202.1203593127912,-979.3606896089245
204.5,-292.15322336762034,-956.371525128132
205.0,-714.8975077677643,-699.2292566729736
205.5,-962.6099493441342,-270.8912797114064
206.0,-974.64190312541,223.77033018717847
206.5,-748.0475271968774,663.6451589928438
207.0,-338.3050275409778,941.0365074429887
207.5,154.26634165726855,988.0292990755299
208.0,609.0679301910603,793.1180595679168
208.5,914.7484474274064,404.0238581187374
209.0,996.4666417661078,-83.98947462256868
209.5,834.2150492113882,-551.4392547409379
210.0,467.71851834275895,-883.8774731823718
210.5,-13.291818069772857,-999.9116598842121
211.0,-491.047853850463,-871.1325991081119
211.5,-848.5782491159443,-529.0698962588197
212.0,-998.3470937967718,-57.472430847665464
212.5,-903.6857513440141,428.19629005609653
213.0,-587.7706198198406,809.0276252864302
213.5,-127.94874134676188,991.7807820218032
214.0,363.1994513763607,931.7114137542325
214.5,765.4237513788507,643.5265968280777
215.0,980.2456219572225,197.78402522372224
215.5,955.0691770192315,-296.3829737144291
216.0,696.0584883449114,-717.9850839697136
216.5,266.6284058353037,-963.7994050640021
217.0,-228.08160941352784,-973.6420181192547
217.5,-666.9492920537099,-745.1031081864141
218.0,-942.5245273294025,-334.13697099017105
218.5,-987.3368866227894,158.6375501387272
219.0,-790.4147414931815,612.5720663156844
219.5,-399.97150096821633,916.5275764608679
220.0,88.3987124875315,996.0851708717215
220.5,555.125838113453,831.7663757683622
221.0,885.9387978787574,463.80216301041787
221.5,999.843041727581,-17.71699491840461
222.0,868.9508382163493,-494.89841458940236
222.5,525.3091637898002,-850.9114421832985
223.0,53.05348526993529,-998.5916721566994
223.5,-432.1915367489943,-901.7818336840362
224.0,-811.6209973649745,-584.1843515845698
224.5,-992.3373315541531,-123.5581660756696
225.0,-930.0948780045254,367.3193677302452
225.5,-640.132760126497,768.2643096049904
226.0,-193.4438171590079,981.1113543339269
226.5,300.606918837987,953.7481220672112
227.0,721.0585970706318,692.8740863898232
227.5,964.9699829426592,262.3603095356538
228.0,972.6230624856244,-232.38842122852267
228.5,742.1440949169294,-670.2403616464259
229.0,329.96236973239735,-943.9940860834779
229.5,-163.00565140257817,-986.6251353025733
230.0,-616.0642040533645,-787.6959416450579
230.5,-918.2887535616317,-395.9113096164656
231.0,-995.6841897581032,92.80621889587708
231.5,-829.3014106016808,558.8015482924707
232.0,-459.8767232321427,887.9827697817493
232.5,22.141824746053523,999.7548397466827
233.0,498.73928180328124,866.7520572726362
233.5,853.2279685345228,521.5381421434596
234.0,998.8166912028082,48.633500538969116
234.5,899.8602529147288,-436.17831815008896
235.0,580.5866409896446,-814.1984723053473
235.5,119.16517068330806,-992.8744442758199
236.0,-371.43208943692264,-928.4601245807607
236.5,-771.0898199160054,-636.7263852094576
237.0,-981.9578697820255,-189.09982012986336
237.5,-952.4083861474406,304.82497600430924
238.0,-689.6761131802671,724.1179868699296
238.5,-258.08707441122624,966.1216600521149
239.0,236.69068127507668,971.5850561826999
239.5,673.5183033091452,739.1705453463161
240.0,945.4451549211168,325.7813055351481
240.5,985.8940590558827,-167.37055989126503
241.0,784.9617132764033,-619.544275003953
241.5,391.8433635900416,-920.0319442337003
242.0,-97.21190751822432,-995.2637062792295
242.5,-562.4663132822282,-826.820201992367
243.0,-890.0093488562771,-455.9422758951242
243.5,-999.6470556691202,26.566220884026468
244.0,-864.5362993442719,502.5703802614231
244.5,-517.7569051824164,855.5277827960506
245.0,-44.21256322855966,999.0221465276736
245.5,440.1565561706975,897.9210466738997
246.0,816.7599996228086,576.977558503058
246.5,993.3921096664309,114.76984121483252
247.0,926.8071855026884,-375.53753594093007
247.5,633.3075387972796,-773.9002269689113
248.0,184.752119221718,-982.785151720906
248.5,-309.03706259473785,-951.0499955011913
249.0,-727.163193443649,-686.46463135462
249.5,-967.2544138345866,-253.80878416144398
250.0,-970.5280195418053,240.98830528525863
250.5,-736.182517717188,676.783052837157
251.0,-321.5938602925038,946.8777054203808
251.5,171.73219010976783,985.143672202234
252.0,623.012211003653,782.2121099422712
252.5,921.7571143333747,387.7677425673905
253.0,994.8237286710673,-101.61569206079699
253.5,824.3227985396019,-566.1200613013453
254.0,451.9988980629834,-892.018495407942
254.5,-30.99009667212496,-999.5196916060495
255.0,-506.3916349244909,-862.3036078310824
255.5,-857.8108399216532,-513.9655269693756
256.0,-999.2080341070628,-39.79075993115771
256.5,-895.9642529445848,444.1261728894752
257.0,-573.3571748155426,819.3055291449822
257.5,-110.37226376111558,993.8903175865265
258.0,379.63562682930313,925.1360931462582
258.5,776.6954757165503,629.8762878545608
259.0,983.5931839466808,180.40079959254857
259.5,949.6729767351233,-313.2430961075599
260.0,683.2397038158507,-730.1941571456379
260.5,249.5255225847443,-968.3682221029408
261.0,-245.28120908194285,-969.4519732670104
261.5,-680.0345462841434,-733.1800705557396
262.0,-948.2917095220488,-317.40011602352985
262.5,-984.3739894393781,176.09045662727783
263.0,-779.4471854988634,626.4679441263538
263.5,-383.68452637728814,923.4642300699231
264.0,106.01748626711377,994.3642655514136
264.5,569.7627207842304,821.8092491597738
265.0,894.0101700837943,448.04666697426217
265.5,999.3727500521376,-35.41336546034254
266.0,860.0540264645697,-510.202970945957
266.5,510.1640817656776,-860.0770951933222
267.0,35.36817725617605,-999.3743503000143
267.5,-448.087090553942,-893.9899100543043
268.0,-821.8350110128397,-569.7255608391864
268.5,-994.3690582777592,-105.97252445706083
269.0,-923.4468802429867,383.72628183315123
269.5,-626.4326995888658,779.4755114086689
270.0,-176.0459464712114,984.3819506325049
270.5,317.44299415962354,948.2773568207633
271.0,733.2108186087175,680.0013937302882
271.5,969.4630630411277,245.23737357693736
272.0,968.3569384347242,-249.56930858045797
272.5,730.1632626705986,-683.272719963432
273.0,313.2001548706699,-949.6871395301657
273.5,-180.44527407887063,-983.5850258430133
274.0,-629.9114066849613,-776.6669941024745
274.5,-925.153258006243,-379.59379499727584
275.0,-993.8853259197261,110.41720391967796
275.5,-819.2796030855196,573.3942203824812
276.0,-444.0856600409099,895.9843338731038
276.5,39.83594061056201,999.2062338855137
277.0,514.0043136735694,857.7875993070563
277.5,862.3265042221456,506.35264402984427
278.0,999.52109184891,30.94490182829304
278.5,891.9980566743127,-452.03923158200524
279.0,566.0827877060442,-824.3483956816764
279.5,101.57070947991589,-994.8283223630832
280.0,-387.80942082922945,-921.7395798793158
280.5,-782.2402795929897,-622.9768414494084
281.0,-985.1514363288851,-171.68764515577297
281.5,-946.8631630939772,321.6366744879515
282.0,-676.7497645263835,736.2131187458456
282.5,-240.94442112956295,970.5389152046093
283.0,253.852519790234,967.2429364932829
283.5,686.4975104492431,727.1321531516752
284.0,951.0639681125854,308.9940590981371
284.5,982.7767968664898,-184.79655716717843
285.0,773.8715902084317,-633.3425312327234
285.5,375.4956285520944,-926.8241650595153
286.0,-114.81475884166603,-993.3869191569466
286.5,-577.0144889662836,-816.7339098647603
287.0,-897.9409481081248,-440.1159548467677
287.5,-999.020146367713,44.25773549825237
288.0,-855.5043707508207,517.7955886508133
288.5,-502.53128841611993,864.5590229491764
289.0,-26.521020285755952,999.648255879538
289.5,455.98251856347946,889.9887318188394
290.0,826.8456339220814,562.4289267667439
290.5,995.2681008469395,97.16690504758436
291.0,920.0142254959645,-391.8849638415085
291.5,619.5087811257318,-784.9897261162786
292.0,167.32598101183925,-985.9016259639831
292.5,-325.82405495135237,-945.4304232544339
293.0,-739.200998751274,-673.484879893468
293.5,-971.5957575207781,-236.6467493282453
294.0,-966.1099892625297,258.1307588164473
294.5,-724.0868013690044,689.7088545779327
295.0,-304.78191109030297,952.4221683015063
295.5,189.14422066406064,981.9493183405064
296.0,636.7612505645516,771.0610285700272
296.5,928.4769185018528,371.39010731211437
297.0,992.869055025318,-119.21006489861568
297.5,814.1722193597311,-580.6234556258039
298.0,436.13762914604877,-899.8799744648526
298.5,-48.67866351416559,-998.8144911436129
299.0,-521.5767216183705,-853.2043855172293
299.5,-866.774607646297,-498.7000897730096
300.0,-999.7558399011494,-22.096619278683942
300.5,-887.9619748443272,459.9168742616023
301.0,-558.764049589089,829.3266768209027
301.5,-92.76119741693704,995.6883851154315
302.0,395.9528310427406,918.2708508872744
302.5,787.7237971254056,616.0285865463817
303.0,986.6325048439105,162.96103947088338
303.5,943.9791653650636,-330.00505353202976
304.0,670.2068037805061,-742.1744001016999
304.5,232.34444235104618,-972.6335692893708
305.0,-262.4039418616639,-964.9581189333869
305.5,-692.906689449229,-721.0272669715824
306.0,-953.7617134939987,-300.5637933500832
306.5,-981.1026064728011,193.48817941227324
307.0,-768.2353642374471,640.1674977183369
307.5,-367.27731169176394,930.1114859609416
308.0,123.60303600011291,992.3317436681922
308.5,584.221049672578,811.594581746004
309.0,901.8013749637746,432.1507608618151
309.5,998.5892722413618,-53.0986380660329
310.0,850.8876886558596,-525.3476385155727
310.5,494.8591231418125,-868.9732149170746
311.0,17.67178546737087,-999.8438418065068
311.5,-463.8422216145477,-885.9178254486591
312.0,-831.7914757822044,-555.0882279566575
312.5,-996.0891669364942,-88.35367288212255
313.0,-916.5094902005468,400.0129427560235
313.5,-612.5363258775766,790.4424390683988
314.0,-158.59290602857283,987.344058653017
314.5,334.1795883371884,942.5094178515074
315.0,745.1332645574126,666.9156003948422
315.5,973.6523301828737,228.03758446681607
316.0,963.787348067422,-266.67198522748083
316.5,717.9536098861996,-696.0909524274646
317.0,296.3397884973224,-955.082577452527
317.5,-197.82834832713678,-980.2366778478333
318.0,-643.5612059762618,-765.3946525566921
318.5,-931.7278354206748,-363.15732224795386
319.0,-991.7749956098327,127.99358610147819
319.5,-809.0010475115055,587.8072006408963
320.0,-428.15542808445156,903.705111970614
320.5,57.517572580260975,998.3444940722989
321.0,529.1082654818533,848.5543255436181
321.5,871.1548016976116,491.00846375515255
322.0,999.9122598719259,13.24660552058789
322.5,883.8563236703822,-467.7584837369352
323.0,551.401533867395,-834.2399825282196
323.5,83.94441777287699,-996.4704384600542
324.0,-404.0652194563607,-914.7301779353752
324.5,-793.1455986954944,-609.0320675218718
325.0,-988.0362734541701,-154.22166624309426
325.5,-941.0212095015605,338.34757760063843
326.0,-663.6113342009432,748.0775341634342
326.5,-223.72626003354355,974.6520202469203
327.0,270.93480531616547,962.5976995964054
327.5,699.2615811428034,714.8658903162652
328.0,956.3847343054626,292.10997926717516
328.5,979.3515494264594,-202.16464239820274
329.0,762.5389491684939,-646.9423088661069
329.5,359.0302196784995,-933.325935221779
330.0,-132.38162920545193,-991.1988217552068
330.5,-591.3818382891833,-806.3916674555276
331.0,-905.5911481970674,-424.151709070136
331.5,-998.0801614308697,61.935380503627606
332.0,-846.2043418838515,532.858528858193
332.5,-487.14818703550475,873.3193252573889
333.0,-8.821166113885877,999.9610927573088
333.5,471.66558392133567,881.7775098879226
334.0,836.6721491002946,547.7040395322042
334.5,996.8321922181852,79.53351845283306
335.0,912.9329489429682,-408.10958177221937
335.5,605.5158801168205,-795.8332230601786
336.0,149.84740573347818,-988.7091356890288
336.5,-342.50893968439675,-939.5145694646093
337.0,-751.0071512506543,-660.294069919136
337.5,-975.6326199006828,-219.41055349670322
338.0,-961.3891968218608,275.1923186322931
338.5,-711.7641687406298,702.4185134924622
339.0,-287.87444850848607,957.6681585475916
339.5,206.49697669091896,978.4472385455999
340.0,650.3107401625525,759.6683100072248
340.5,934.9057540624358,354.8960848205405
341.0,990.6032333897738,-136.76707936387882
341.5,803.766492687733,-594.9448926013739
342.0,420.1396822393068,-907.459446701534
342.5,-66.35197530497697,-997.7962794945307
343.0,-536.5983551885637,-843.8377837054512
343.5,-875.4667432001029,-483.2783685937176
344.0,-999.9903395061709,-4.395553927897717
344.5,-879.6814248187952,475.56344563977405
345.0,-543.9958173735323,839.0879278598295
345.5,-75.12106131782845,997.1744211252528
346.0,412.14595048708503,911.117838425468
346.5,798.505259520226,601.987832533629
347.0,989.3626321783087,145.47021017792156
347.5,937.9895272510594,-346.66359308028626
348.0,656.9638725243396,-753.9220584369601
348.5,215.09054938760124,-976.5941099372552
349.0,-279.44444178438204,-960.1618634146095
349.5,-705.5616876419274,-708.648505912399
350.0,-958.9328250406131,-283.63327918216646
350.5,-977.5237629179003,210.82526634829296
351.0,-756.7827912998033,653.6664338884767
351.5,-350.7549986489571,936.4672609988936
352.0,141.14985067939136,989.9882421792622
352.5,598.4962937882848,801.1255746271536
353.0,909.3099708898409,416.1194261751267
353.5,997.4928538236488,-70.76727047691462
354.0,841.4546973619526,-540.327671221366
354.5,479.39908422753257,-877.5970134644963
355.0,-0.03014435335948845,-999.999999545659
355.5,-479.45199254522805,-877.5681095188057
356.0,-841.4872714892108,-540.2769400239505
356.5,-997.4971184780542,-70.70713279421359
357.0,-909.2848819352603,416.1742465410129
357.5,-598.4479938758072,801.161655738729
358.0,-141.09016531210986,989.9967501220403
358.5,350.81145641153216,936.4461127317576
359.0,756.8221986283603,653.6208072447929
359.5,977.5364715240298,210.76633232172009
360.0,958.9157234143065,-283.69109148652734
360.5,705.5189628577446,-708.6910420261656
361.0,279.38655435956986,-960.1787090136331
361.5,-215.14942659255414,-976.5811406313841
362.0,-657.0093243162465,-753.8824495645918
362.5,-938.0104254460747,-346.6070422747841
363.0,-989.3538601694428,145.52985730709221
363.5,-798.4689650011837,602.0359722889808
364.0,-412.0910196219434,911.1426845159583
364.5,75.18117953750169,997.1698903613917
365.0,544.0464039108651,839.0551295306261
365.5,879.7100943251812,475.51040992009916
366.0,999.9900726865629,-4.455842044182302
366.5,875.4376053812465,-483.33114847312385
367.0,536.5474803247321,-843.8701329927379
367.5,66.29181933715888,-997.8002779559491
368.0,-420.1943910321768,-907.4341153742778
368.5,-803.8023596851243,-594.8964334778163
369.0,-990.6114770998198,-136.7073569275377
369.5,-934.884356137408,354.9524484343561
370.0,-650.2649395607763,759.7075150201031
370.5,-206.43798699706093,978.4596862030654
371.0,287.93218456003194,957.6508012289697
371.5,711.8065153508298,702.3756008747093
372.0,961.4057860636483,275.1343572208648
372.5,975.6193901490984,-219.46937272681427
373.0,750.9673416102893,-660.3393459690063
373.5,342.4522969436224,-939.5352171781732
374.0,-149.90701345623575,-988.7000997858916
374.5,-605.5638587721382,-795.7967158445666
375.0,-912.9575516827102,-408.05454148374776
375.5,-996.827395433612,79.59361603194907
376.0,-836.6391272115635,547.7544804186207
376.5,-471.61242183848674,881.8059443934574
377.0,8.881452458878849,999.960559123319
377.5,487.2008374428276,873.2899541360861
378.0,846.2364656975445,532.8075113244262
378.5,998.0838936209838,61.87520742896127
379.0,905.5655749932976,-424.20630521841406
379.5,591.3332209037094,-806.4273196362117
380.0,132.32187086982847,-991.2068010710522
380.5,-359.08648803956714,-933.3042880579784
381.0,-762.5779510977885,-646.89633520333
381.5,-979.3637358914501,-202.10559819248468
382.0,-956.3671216345017,292.1676379350359
382.5,-699.2184815320054,714.90804659346
383.0,-270.8767710534054,962.6140321560251
383.5,223.78502013672656,974.6385303087524
384.0,663.6564336219595,748.0375245348201
384.5,941.0416063292481,338.29084403404744
385.0,988.0269738337469,-154.2812333919083
385.5,793.1088794983755,-609.0798841374024
386.0,404.0100708226276,-914.7545368424775
386.5,-84.00449353431058,-996.4653757487232
387.0,-551.4518281149146,-834.2067377267572
387.5,-883.8845226181219,-467.7051963321925
388.0,-999.9114594340064,13.306888913466725
388.5,-871.1251978491517,491.0609836591339
389.0,-529.0571062774264,848.5862232545118
389.5,-57.45738357735032,998.3479599180064
390.0,428.20991051876854,903.6792973912306
390.5,809.0364841771667,587.75842594577
391.0,991.7827103751873,127.93379303705288
391.5,931.705939442102,-363.2134942541508
392.0,643.5150601529656,-765.4334506384765
392.5,197.76925076605153,-980.248602881654
393.0,-296.39736865214337,-955.0647097742044
393.5,-717.995575004678,-696.0476666678093
394.0,-963.8034236249698,-266.61387925010007
394.5,-973.6385803223484,228.0962842921427
395.0,-745.0930557242141,666.9605223036468
395.5,-334.1227650560155,942.5295633938082
396.0,158.65243143670756,987.3344954974584
396.5,612.5839795167406,790.4055086089884
397.0,916.533604797894,399.9576868572196
397.5,996.083838397568,-88.41372564917586
398.0,831.7580087191733,-555.1383745801722
398.5,463.78880993164626,-885.9457882862739
399.0,-17.732064727370865,-999.8427745803359
399.5,-494.91151151375027,-868.9433789213052
400.0,-850.9193596391765,-525.2963386425359
400.5,-998.5924716747775,-53.038434313793815
401.0,-901.7753195144049,432.2051285150291
401.5,-584.1721186231443,811.6298022025479
402.0,-123.54320937804643,992.3391937319478
402.5,367.3333862428549,930.0893415964714
403.0,768.2739577117871,640.1211806383749
403.5,981.1142698418773,193.4290296533588
404.0,953.743591158287,-300.6212938640479
404.5,692.8632183885502,-721.0690401093783
405.0,262.3457653077784,-964.9739371739922
405.5,-232.40308074876904,-972.6195597758053
406.0,-670.2515472972182,-742.133992851483
406.5,-943.9990592273889,-329.9481416492668
407.0,-986.6226783405293,163.0205219724208
407.5,-787.6866561270567,616.0760762757924
408.0,-395.89746896115764,918.2947207025363
408.5,92.82122601336262,995.6827908532798
409.0,558.8140476063818,829.2929881518187
409.5,887.9897010241118,459.8633393467112
410.0,999.7545059076306,-22.15689322512134
410.5,866.7445400876126,-498.75234558677806
411.0,521.5252820815292,-853.2358291526332
411.5,48.61844619180287,-998.8174241020702
412.0,-436.19188095326604,-899.8536786558423
412.5,-814.2072229172983,-580.5743691804703
413.0,-992.8762402415507,-119.15020589072603
413.5,-928.4545261852243,371.4460833097728
414.0,-636.7147631351318,771.0994166809965
414.5,-189.0850198658773,981.960719816389
415.0,304.83933083715453,952.4037916633657
415.5,724.1283817079112,689.6651990676936
416.0,966.1255498763624,258.0725128255553
416.5,971.5814886285751,-236.70532514981997
417.0,739.1603938754915,-673.5294441417005
417.5,325.76705558172654,-945.4500650471247
418.0,-167.3854194417015,-985.8915363052498
418.5,-619.5561060152125,-784.9523753064683
419.0,-920.0378500616057,-391.82949666151785
419.5,-995.2622409711365,97.22690829760818
420.0,-826.8117243068011,562.4787751985085
420.5,-455.92886146518174,890.016220797724
421.0,26.58128773805108,999.6466551448001
421.5,502.5834106481898,864.5287244165072
422.0,855.5355864224281,517.7440104577087
422.5,999.0228127937639,44.19750578523661
423.0,897.9144124545271,-440.17008974536367
423.5,576.9652480865013,-816.7686958377396
424.0,114.7548686204055,-993.3938393849206
424.5,-375.5515048999241,-926.8015252293246
425.0,-773.909772204126,-633.2958743643904
425.5,-982.7879362258592,-184.73730648928623
426.0,-951.0453375319576,309.0513969532009
426.5,-686.4536713445199,727.1735398772634
427.0,-253.7942055031938,967.2582391755589
427.5,241.00293322767078,970.5243872132523
428.0,676.7941486332612,736.1723170398212
428.5,946.8825524323114,321.57958874790364
429.0,985.1410837124249,-171.74703834974568
429.5,782.2027197033044,-623.0240005720115
430.0,387.75384963726117,-921.762958732604
430.5,-101.63068620826037,-994.8221969884056
431.0,-566.1324855759045,-824.314265784384
431.5,-892.0253079138733,-451.9854533512771
432.0,-999.5192244043064,31.00516160599342
432.5,-862.2959753089459,506.4046316593026
433.0,-513.9525978344582,857.8185864034492
433.5,-39.77569968660647,999.2086337269313
434.0,444.13967697054966,895.9575588946699
434.5,819.3141707925615,573.3448260327262
435.0,993.8919810238954,110.35728365811025
435.5,925.1303711059342,-379.6495706008324
436.0,629.8645812915785,-776.7049692350272
436.5,180.38597468180657,-983.595902867684
437.0,-313.2574097108751,-949.6682553719656
437.5,-730.2044549722303,-683.2286981228965
438.0,-968.3719828857112,-249.51092713946562
438.5,-969.4482762351751,245.2958208055078
439.0,-733.16982087163,680.0455968264642
439.5,-317.3858231672864,948.2964933249642
440.0,176.105293265966,984.3713352610935
440.5,626.4796920208901,779.4377431747905
441.0,923.4700129260028,383.67060771767257
441.5,994.3626675241842,-106.03247348896787
442.0,821.8006615020342,-569.7751071737155
442.5,448.0331922441321,-894.0169230207739
443.0,-35.42842817897952,-999.3722161821224
443.5,-510.215933774248,-860.0463364975587
444.0,-860.084784378807,-510.151118473792
444.5,-999.3748832619166,-35.353114505380105
445.0,-893.9831563049628,448.10056487692174
445.5,-569.713173931985,821.8435979238044
446.0,-105.95753713889097,994.3706554014256
446.5,383.74020014410047,923.4410965477796
447.0,779.4849530244592,626.4209511250855
447.5,984.3846039163029,176.0311096725332
448.0,948.2725721561587,-317.45728672743166
448.5,679.9903425700472,-733.2210676265854
449.0,245.22276163050972,-969.4667591920345
449.5,-249.58390379897742,-968.3531767720199
450.0,-683.2837250355235,-730.1529641805058
450.5,-949.6918600303661,-313.18584098273584
451.0,-983.5823060282404,180.46009882566543
451.5,-776.6574998782414,629.9231126755705
452.0,-379.5798508807975,925.1589792059046
452.5,110.43218392236956,993.8836615792293
453.0,573.4065686442813,819.2709606934638
453.5,895.9910271088629,444.0721555562843
454.0,999.2056333576834,-39.85100081893557
454.5,857.7798520457935,-514.017242341438
455.0,506.3396468349013,-862.3341359607118
455.5,30.929836866284965,-999.521558142407
456.0,-452.05267588297,-891.9912433578294
456.5,-824.3569276878352,-566.0703629170788
457.0,-994.8298531417643,-101.55571524013659
457.5,-921.7337346425103,387.82331340698227
458.0,-622.9650513149461,782.2496691211614
458.5,-171.67279675976548,985.1540239235082
459.0,321.6509457403056,946.8583152216423
459.5,736.2233187542428,676.7386681153137
460.0,970.5425466512561,240.92979296818902
460.5,967.2391102733891,-253.86709821783282
461.0,727.1218060573148,-686.5084698355503
461.5,308.9797244588772,-951.0686252176108
462.0,-184.81136973170905,-982.774011468501
462.5,-633.3541950901215,-773.8620442700006
463.0,-926.8298244906982,-375.4816592518752
463.5,-993.3851885357816,114.82973133178335
464.0,-816.725212907666,577.0267988585344
464.5,-440.1024208721576,897.9475815115636
465.0,44.27279290137974,999.0194791938301
465.5,517.8084829050272,855.496566347051
466.0,864.5665970913423,502.51825757269444
466.5,999.6486554954963,26.50595340761163
467.0,889.9818590686665,-455.99593257909703
467.5,562.4164643393774,-826.8541108563189
468.0,97.15190417988626,-995.2695652506521
468.5,-391.8988304139523,-920.0083188320507
469.0,-784.9990633729202,-619.4969495515196
469.5,-985.9041478187485,-167.3111213093364
470.0,-945.4255122693237,325.83830460872286
470.5,-673.4737384489138,739.2111495504137
471.0,-236.6321052384454,971.5993241920361
471.5,258.14532016757937,966.10609856039
472.0,689.719768063795,724.0764058730438
472.5,952.4267619201385,304.7675559804882
473.0,981.9464674138593,-189.15902075619493
473.5,771.0514311043737,-636.7728720602796
474.0,371.3761131017696,-928.4825160537067
474.5,-119.22502958289408,-992.8672581573823
475.0,-580.635726907393,-814.1634680079446
475.5,-899.8865479060433,-436.1240659465427
476.0,-998.8137573367454,48.69371781711892
476.5,-853.1965241238167,521.589581206371
477.0,-498.6870255363352,866.7821240437083
477.5,-22.081550779516785,999.7561728317418
478.0,459.93025772913376,887.9550427950801
478.5,829.335098517182,558.751549767422
479.0,995.6897831154927,92.7461902151406
479.5,918.2648829119453,-395.96667133827225
480.0,616.0167137641636,-787.733081927629
480.5,162.94616875294074,-986.6349609094227
481.0,-330.0192813153101,-943.974191363369
481.5,-742.1845014927595,-670.1956175206938
482.0,-972.6370711153801,-232.32978261965263
482.5,-964.9541638252083,262.41848585111745
483.0,-721.0168232776373,692.917556820885
483.5,-300.54941805088583,953.7662435362628
484.0,193.50296674212325,981.0996900733364
484.5,640.179076624766,768.2257154325556
485.0,930.1170215238276,367.2632928453968
485.5,992.329880588681,-123.6179925854406
486.0,811.585776170937,-584.233282103149
486.5,432.1371687030741,-901.807888313964
487.0,-53.1136889739451,-998.5884718158823
487.5,-525.3604631854805,-850.8797704267844
488.0,-868.9806734225085,-494.8460257677771
488.5,-999.8441080452122,-17.65671564232604
489.0,-885.9108342361154,463.85557427185256
489.5,-555.0756909855227,831.7998420755708
490.0,-88.33865964017234,996.0904985055213
490.5,400.02675650355445,916.5034610306968
491.0,790.4516712343436,612.5244121199032
491.5,987.3464488811694,158.57802458646162
492.0,942.5043809306535,-334.19379396770034
492.5,666.9043695388758,-745.1433163425373
493.0,228.02290938096752,-973.6557670950443
493.5,-266.68651157038425,-963.7833286306727
494.0,-696.1017734720562,-717.9431181988293
494.5,-955.0870438296937,-296.3253932903098
495.0,-980.2336960326743,197.84312260506454
495.5,-765.3849526015529,643.5727420665972
496.0,-363.14327904015005,931.7333088861683
496.5,128.0085342949021,991.7730663552378
497.0,587.8193939808535,808.9921878856322
497.5,903.7115651022256,428.14180723270385
498.0,998.3436270438855,-57.532619798331446
498.5,848.5463506339739,-529.1210549824729
499.0,490.99533350029316,-871.1622021649791
499.5,13.231534664836527,-999.9124594135295
500.0,-467.77180532247615,-883.849273431478
500.5,-834.2482932548031,-551.3889599923525
501.0,-996.4717035719659,-83.92939878483583
501.5,-914.7240876890969,404.0790063853225
502.0,-609.0201130220971,793.1547780443311
502.5,-154.2067743682958,988.0385977981455
503.0,338.36176080013774,941.0161097602052
503.5,748.0875361457405,663.6000589688005
504.0,974.6553921779338,223.71156988067946
504.5,962.5936159098136,-270.9493137279928
505.0,714.8553508409695,-699.27235564838
505.5,292.09556443430495,-956.3891369300494
506.0,-202.17940333482605,-979.3485022540106
506.5,-646.9538019143921,-762.5291982530986
507.0,-933.331346482672,-359.0161523843219
507.5,-991.1968263633165,132.39656871418327
508.0,-806.3827539523804,591.3939922996974
508.5,-424.1380597921718,905.5975409837043
509.0,61.950423737128,998.0792278165047
509.5,532.8712829390178,846.196310449842
510.0,873.3266675417377,487.1350241570022
510.5,999.9612255979023,8.806094522619302
511.0,881.7704007607504,-471.6788741741842
511.5,547.6914289995375,-836.680404097314
512.0,79.51849401287635,-996.833390848202
512.5,-408.12334161256894,-912.9267977395507
513.0,-795.8423494121123,-605.5038851090959
513.5,-988.7113941033004,-149.83250371767807
514.0,-939.5094070026404,342.5231001750785
514.5,-660.2827505316636,751.0171032342345
515.0,-219.39584856455807,975.6359267844936
515.5,275.20680882886944,961.3850489654134
516.0,702.4292412479847,711.7535816838441
516.5,957.6724973333646,287.8600143321
517.0,978.4441260755459,-206.51172399711677
517.5,759.6585083225641,-650.3221899436746
518.0,354.8819937155239,-934.9111030127383
518.5,-136.78200989529898,-990.6011718996715
519.0,-594.9570070443855,-803.7575254819
519.5,-907.4657790179816,-420.1260048024732
520.0,-997.7952793125008,66.36701425925702
520.5,-843.8296959043873,536.6110735997805
521.0,-483.265173349392,875.4740271576204
521.5,-4.380481896321661,999.9904056431521
522.0,475.5767042996153,879.6742569426004
522.5,839.0961269655949,543.9831704302425
523.0,997.1755532498971,75.10603172023838
523.5,911.1116263853942,-412.15968296930964
524.0,601.9757972528995,-798.5143326964997
524.5,145.45529831300405,-989.3648246186414
525.0,-346.6777305847905,-937.9843021695937
525.5,-753.9319602268858,-656.9525092032494
526.0,-976.5973517090914,-215.07582996419907
526.5,-960.15765146955,279.45891348188945
527.0,-708.6378714814911,705.5723684372722
527.5,-283.61882594498525,958.9370999025891
528.0,210.83999973521134,977.5205852112047
528.5,653.6778401781697,756.7729390378616
529.0,936.4725475338364,350.74088400910233
529.5,989.9861146313261,-141.16477194105752
530.0,801.1165538942744,-598.5083684265093
530.5,416.10572084732223,-909.3162426120685
531.0,-70.78230485740781,-997.4917870935444
531.5,-540.3403537138608,-841.4465533522492
532.0,-877.6042389525124,-479.3858568758379
532.5,-999.9999989777327,0.04521653003067279
533.0,-877.560883033985,479.4652193523661
533.5,-540.2642569177518,841.4954145431271
534.0,-70.69209833337335,997.4981840751515
534.5,416.187951396136,909.2786091802047
535.0,801.1706755616273,598.4359185578068
535.5,989.9988765454909,141.0752438901522
536.0,936.4408251331382,-350.82557065294895
536.5,653.609400212657,-756.832050030686
537.0,210.75159869536878,-977.5396481203953
537.5,-283.7055444015101,-958.911447463134
538.0,-708.7016756521291,-705.5082812610101
538.5,-960.1829198680807,-279.37208234468767
539.0,-976.5778977502883,215.16414577161171
539.5,-753.8725469183444,657.020686891097
540.0,-346.5929043765533,938.0156494621107
540.5,145.54476900674314,989.351666605345
541.0,602.0480068859135,798.4598909179465
541.5,911.1488955211224,412.07728667161297
542.0,997.1687571041068,-75.19620904973118
542.5,839.0469294717992,-544.0590502362271
543.0,475.49715072011804,-879.7172612021714
543.5,-4.4709140707314186,-999.9900054137402
544.0,-483.34434316848643,-875.4303204293443
544.5,-843.8782198353082,-536.5347613040475
545.0,-997.8012770046274,-66.27678030754696
545.5,-907.4277820271045,420.20806799176256
546.0,-594.8843183590627,803.8113259779768
546.5,-136.69242624080422,990.6135374647382
547.0,354.9665391362312,934.8790061252026
547.5,759.7173158418702,650.2534890410232
548.0,978.4627975617406,206.42323945634647
548.5,957.6464613554367,-287.94661840940233
549.0,702.3648723213673,-711.8171015991321
549.5,275.11986671174344,-961.40993282809
550.0,-219.484077409708,-975.6160821571204
550.5,-660.3506646064563,-750.9573887736983
551.0,-939.5403785729803,-342.4381360639331
551.5,-988.6978402485972,149.92191530179747
552.0,-795.7875885887045,605.5758530920589
552.5,-408.0407811798771,912.9637018491566
553.0,79.6086403815333,996.8261956713436
553.5,547.7670903291479,836.6308712642267
554.0,881.8130525190443,471.59913104992586
554.5,999.9604251469175,-8.896524040091641
555.0,873.2826108597919,-487.21399976797164
555.5,532.7947566383818,-846.2444961703725
556.0,61.86016412514558,-998.0848261016746
556.5,-424.2199540145735,-905.5591811780571
557.0,-806.4362322233966,-591.3210662215004
557.5,-991.2087953370823,-132.30693121076507
558.0,-933.2988757369772,359.1005549259074
558.5,-646.8848414202396,762.5877011470296
559.0,-202.0908370262657,979.3667819514931
559.5,292.1820524360795,956.362717923613
560.0,714.9185852567496,699.2077062321952
560.5,962.6181147492387,270.862262333869
561.0,974.6351572706857,-223.79971003543722
561.5,748.0275217028307,-663.6677081003122
562.0,338.27666045026746,-941.0467050017307
562.5,-154.2961250914999,-988.0246483675132
563.0,-609.0918379453792,-793.0996992486631
563.5,-914.7606260497435,-403.99628343473853
564.0,-996.4641095049708,84.01951242696914
564.5,-834.198426052619,551.4644013636178
565.0,-467.69187421537714,883.8915718530797
565.5,13.32195975413766,999.9112587566505
566.0,491.0741133562503,871.1177963922977
566.5,848.5941972003052,529.0443161758469
567.0,998.3488258124456,57.44233629398255
567.5,903.6728432331579,-428.2235308841639
568.0,587.746231938178,-809.0453428841139
568.5,127.91884469828108,-991.7846385032675
569.0,-363.22753704942954,-931.7004649183154
569.5,-765.4431497242184,-643.5035233316659
570.0,-980.251583583402,-197.75447626345345
570.5,-955.060242312215,296.41176352252495
571.0,-696.0368448325855,718.006065876535
571.5,-266.59935260432957,963.8074419669897
572.0,228.11095911894085,973.6351423042602
572.5,666.9717524020699,745.0830030927507
573.0,942.5345992440989,334.1085590459572
573.5,987.3321041478342,-158.66731269864684
574.0,790.3962755452384,-612.5958925786359
574.5,399.9438726553643,-916.5396329267109
575.0,-88.42873879073524,-996.0825056971335
575.5,-555.1509109207802,-831.7496414810336
576.0,-885.9527784925298,-463.7754567475154
576.5,-999.842507205956,17.747134532308912
577.0,-868.9359194288628,494.92460832566894
577.5,-525.28351337594,850.9272769017507
578.0,-53.02338334560358,998.593270966005
578.5,432.21872018287974,901.7688051399169
579.0,811.638606855743,584.1598855290122
579.5,992.3410556843122,123.52825265235788
580.0,930.0838049771285,-367.3474046720173
580.5,640.1096010048361,-768.2836056440548
581.0,193.41424210376837,-981.1171851269474
581.5,-300.63566882181647,-953.7390600327005
582.0,-721.0794829843192,-692.8523502298791
582.5,-964.9778911861118,-262.33122102030563
583.0,-972.6160568450356,232.41774021622024
583.5,-742.1238906174457,670.262732795749
584.0,-329.9339134911817,944.0040321568513
584.5,163.0353925052299,986.6202211543537
585.0,616.087948358266,787.6773704301162
585.5,918.3006876348315,395.88362821591346
586.0,995.6813917222668,-92.83623310976192
586.5,829.2845655135657,-558.8265467933469
587.0,459.8499553568124,-887.9966320647492
587.5,-22.171961699155766,-999.7541718414639
588.0,-498.76540925697304,-866.7370227056902
588.5,-853.2436895769135,-521.5124219011238
589.0,-998.8181567744302,-48.60339183359195
589.5,-899.8471041925353,436.20544365735327
590.0,-580.5620972394064,814.2159733442853
590.5,-119.13524107107658,992.8780359817295
591.0,371.46007709824136,928.4489275787703
591.5,771.1090132708166,636.7031409161632
592.0,981.9635696276799,189.0702195589367
592.5,952.3991969629329,-304.8536856007493
593.0,689.6542847984487,-724.1387763813923
593.5,258.05795118125786,-966.1294394811347
594.0,-236.71996897079077,-971.5779208537356
594.5,-673.54058482125,-739.1502422367515
595.0,-945.4549749583542,-325.7528055543003
595.5,-985.8890133306512,167.40027895411293
596.0,-784.9430371582154,619.5679368857272
596.5,-391.81562964398205,920.0437556805056
597.0,97.24190905490492,995.2607754369492
597.5,562.4912369870102,826.8032464334082
598.0,890.0230925369855,455.91544693166577
598.5,999.6462543933899,-26.596354586037208
599.0,864.521149292347,-502.59644092078435
599.5,517.7311156153847,-855.5433898544534
600.0,44.182448331873196,-999.0234788329058
600.5,-440.1836232200361,-897.9077780311748
601.0,-816.777391867125,-576.952937538875
601.5,-993.3955688777406,-114.73989599990956
602.0,-926.7958647454187,375.5654737736039
602.5,-633.2842097876352,773.9193172635314
603.0,-184.72249371488758,982.790720507552
603.5,309.0657312414566,951.0406793466742
604.0,727.1838861456853,686.4427111784777
604.5,967.2620642967986,253.7796267872891
605.0,970.5207546642247,-241.01756111533413
605.5,736.1621161952177,-676.8052442756178
606.0,321.5653171302501,-946.8873992291383
606.5,-171.7618865507076,-985.1384949988209
607.0,-623.0357899988372,-782.1933292866444
607.5,-921.7688029224361,-387.73995661904564
608.0,-994.8206650797497,101.64568033263627
608.5,-824.3057328419064,566.1449097218552
609.0,-451.972008536893,892.0321202171627
609.5,31.020226532818423,999.518756975502
610.0,506.417628279074,862.288342590921
610.5,857.8263326903741,513.9396685827858
611.0,999.2092331198094,39.76063943301937
611.5,895.9508646412197,-444.1531809507287
612.0,573.332477119663,-819.322812254017
612.5,110.34230353003503,-993.8936442354814
613.0,-379.66351428611654,-925.1246488554478
613.5,-776.7144625770595,-629.8528745855095
614.0,-983.5986215652433,-180.3711497300862
614.5,-949.6635337930715,313.2717232430274
615.0,-683.2176922747329,730.2147526329418
615.5,-249.49633163750545,968.3757434484963
616.0,245.31043247334875,969.4445789831095
616.5,680.0566472142988,733.1595710209659
617.0,948.3012769124547,317.3715302389422
617.5,984.3686808591888,-176.12012986464825
618.0,779.4283006736524,-626.4914397731085
618.5,383.6566889708984,-923.4757955722972
619.0,-106.04746068673451,-994.3610692710649
619.5,-569.7874934337646,-821.7920736576058
620.0,-894.0236757546596,-448.0197174122222
620.5,-999.3716820850794,35.44349088956821
621.0,-860.0386463351707,510.22889648663283
621.5,-510.13815506601526,860.092473368906
622.0,-35.338051746552985,999.3754159967905
622.5,448.11403909810616,893.9764023525347
623.0,821.8521846480703,569.7007868953616
623.5,994.3722522992001,105.9425497966507
624.0,923.435312642794,-383.7541183678754
624.5,626.4092025190007,-779.4943944631735
625.0,176.01627283386594,-984.3872569764778
625.5,-317.47157922312294,-948.2677872761346
626.0,-733.2313164778873,-679.9792912553326
626.5,-969.470455122707,-245.2081496283747
627.0,-968.3494148893343,249.59849896079868
627.5,-730.142665524544,683.2947299523931
628.0,-313.17152702365524,949.6965803148245
628.5,180.47492353146504,983.5795859900264
629.0,629.9348185230797,776.6480054775747
629.5,925.1647001953975,379.5659066780898
630.0,993.8819970129513,-110.44716389997421
630.5,819.2623181152939,-573.4189167758203
631.0,444.0586509707787,-895.9977201410795
631.5,-39.866061018256154,-999.2050326028631
632.0,-514.030170892537,-857.7721045896685
632.5,-862.3417675033813,-506.3266495249329
633.0,-999.522024208842,-30.914771897250546
633.5,-891.9844298387122,452.0661200812417
634.0,-566.0579379995188,824.3654595067245
634.5,-101.54072097728682,994.8313836944493
635.0,387.83720589663307,921.7278891963141
635.5,782.2590584716293,622.9532610389645
636.0,985.1566112943334,171.65794832475893
636.5,946.8534671342093,-321.6652169195901
637.0,676.7275715505089,-736.2335185953916
637.5,240.91516475208297,-970.5461778774242
638.0,-253.8816765877605,-967.235283833767
638.5,-686.5194290659028,-727.1114587977738
639.0,-951.0732821065815,-308.96538974942615
639.5,-982.7712258472551,184.826182254256
640.0,-773.852498155771,633.3658588036401
640.5,-375.4676898663577,926.835483711333
641.0,114.84470379581474,993.3834576889489
641.5,577.0391086197019,816.7165157650358
642.0,897.9542147110153,440.0888867975693
642.5,999.0188117929995,-44.287850294449626
643.0,855.4887617489377,-517.82137704161
643.5,502.50522661511144,-864.574171037104
644.0,26.490886523445937,-999.6490548843639
644.5,-456.00934649112577,-889.9749861163158
645.0,-826.8625876027196,-562.4040017842467
645.5,-995.271029428269,-97.1369032901181
646.0,-920.0024119591382,391.9126968973682
646.5,-619.4851178365759,785.0084004512331
647.0,-167.2962615688254,985.9066694495455
647.5,325.85255419207255,945.4206010694407
648.0,739.2213001816265,673.4625968513661
648.5,971.6028906425754,236.6174610948897
649.0,966.1022076387795,-258.15988146006833
649.5,724.0660102125944,-689.7306813929731
650.0,304.75320080143933,-952.4313553224073
650.5,-189.17382080535782,-981.943616264143
651.0,-636.7844934113518,-771.0418334635599
651.5,-928.4881133946367,-371.3621188070592
652.0,-992.8654610638965,119.23999424008805
652.5,-814.1547164712041,580.6479980570787
653.0,-436.11050264796216,899.8931211428065
653.5,48.70877210901048,998.8130233029766
654.0,521.6024406758817,853.188662536583
654.5,866.7896402442124,498.67396118637373
655.0,999.756505535219,22.06648227533335
655.5,887.9481105441159,-459.94364109218265
656.0,558.7390498188232,-829.3435200250609
656.5,92.73118299227497,-995.6911808893625
657.0,-395.9805115438519,-918.2589147280136
657.5,-787.7423665509027,-616.0048408420045
658.0,-986.6374167508005,-162.93129799798155
658.5,-943.9692171472311,330.0335090236197
659.0,-670.1844311086327,742.1946027152168
659.5,-232.31512283548062,972.6405727204349
660.0,262.43302978095727,964.9502084978204
660.5,692.9284240351305,721.0063794198983
661.0,953.7707733618595,300.5350426834125
661.5,981.0967734509948,-193.51775402801508
662.0,768.2160664531459,-640.1906553857654
662.5,367.2492739155982,-930.1225568754184
663.0,-123.63294914268596,-992.3280172837418
663.5,-584.2455144009992,-811.5769704115019
664.0,-901.8144014592891,-432.12357644616435
664.5,-998.5876711635528,53.12873986979144
665.0,-850.8718520044144,525.3732877360419
665.5,-494.8329282813273,868.9881317305357
666.0,-17.64164581327013,999.8443740567825
666.5,463.868926823783,885.9038428223189
667.0,831.8082081799766,555.0631538882909
667.5,996.0918298482659,88.32364637815417
668.0,916.4974316526442,-400.0405701602112
668.5,612.5124982230825,-790.4609032207212
669.0,158.56314310832613,-987.3488388850257
669.5,-334.2079995222932,-942.4993437956904
670.0,-745.1533679583874,-666.8931385314085
670.5,-973.6592037860289,-228.00823424331892
671.0,-963.7793089749802,266.7010378527043
671.5,-717.9326263483636,696.112594358514
672.0,-296.3109980159809,955.0915099898928
672.5,197.85789683804822,980.2307139948351
673.0,643.5842780107317,765.3752524725405
673.5,931.7387821399994,363.1292357498508
674.0,991.7711368753413,-128.02348245924622
674.5,808.9833280759797,-587.8315871872758
675.0,428.12818628369496,-903.7180180285407
675.5,-57.547667003332194,-998.3427597886778
676.0,-529.1338443628916,-848.538375531565
676.5,-871.1696024344442,-490.9822031338941
677.0,-999.9126587279824,-13.21646380607935
677.5,-883.8422229917893,467.7851268017531
678.0,-551.3763859920506,834.2566037918699
678.5,-83.91437977772839,996.4729684575087
679.0,404.09279322248955,914.7179972350201
679.5,793.1639572129864,609.0081583839709
680.0,988.0409219176677,154.19188245846607
680.5,941.0110098050785,-338.3759439227712
681.0,663.5887835859072,-748.0975379581034
681.5,223.69687967699468,-974.6587638875343
682.0,-270.9638220782684,-962.5895320045489
682.5,-699.2831299951024,-714.8448112032797
683.0,-956.3935393373727,-292.08114953507913
683.5,-979.3454548590827,202.19416422552013
684.0,-762.5194471644794,646.9652948157085
684.5,-359.0020850085865,933.3367575315394
685.0,132.41150819283803,991.1948307462554
685.5,591.4061461758641,806.3738402660471
686.0,905.6039335646163,424.12441041785604
686.5,998.0782939754056,-61.96546695655508
687.0,846.1882788236015,-532.8840368987898
687.5,487.12186116783704,-873.3340096276925
688.0,8.791022929352243,-999.961358211334
688.5,-471.69216431988116,-881.7632914332657
689.0,-836.6886589042641,-547.6788183424513
689.5,-996.8345892517676,-79.50346955485539
690.0,-912.920646328743,408.13710136020495
690.5,-605.4918899638187,795.8514755832541
691.0,-149.8176016678404,988.7136522929661
691.5,342.5372605879492,939.5042443272426
692.0,751.0270550472056,660.2714309941945
692.5,975.6392334466684,219.38114358257266
693.0,961.3809008905675,-275.2212989629269
693.5,711.7429944653692,-702.4399688439357
694.0,287.84558009032054,-957.6768359015826
694.5,-206.52647125640124,-978.4410133832181
695.0,-650.3336395770626,-759.6487064653314
695.5,-934.9164517506565,-354.8679025298884
696.0,-990.5991101845337,136.7969403956463
696.5,-803.7485580934768,594.9691213522402
697.0,-420.1123272701994,907.4721111282797
697.5,66.38205319846043,997.7942789038012
698.0,536.6237918890952,843.8216079116303
698.5,875.4813109162562,483.25197799528286
699.0,999.990471552965,4.365409863750489
699.5,879.6670888665697,-475.58996285141956
700.0,543.9705233633756,-839.1043258807424
700.5,75.09100210558641,-997.1766851480127
701.0,-412.1734153579038,-911.1054141383427
701.5,-798.5234056913744,-601.9637618354188
702.0,-989.3670168342196,-145.44038641504343
702.5,-937.9790768750454,346.69186801053974
703.0,-656.941145732919,753.9418618455402
703.5,-215.06111049193805,976.6005932590735
704.0,279.47338511591204,960.153439306371
704.5,705.5830490723317,708.6272368896016
705.0,958.9413745467228,283.6043726433742
705.5,977.5174072824452,-210.85473307423308
706.0,756.7630866040034,-653.6892463193666
706.5,350.7267692895696,-936.4778338560401
707.0,-141.1796931706552,-989.9839868584944
707.5,-598.5204429287703,-801.1075329794052
708.0,-909.3225141277264,-416.09201542499073
708.5,-997.4907201368394,70.79733922182136
709.0,-841.4384091513941,540.3530360836063
709.5,-479.3726294152408,877.611464241163
710.0,0.060288706691585266,999.999998182636
710.5,479.4784460505837,877.5536563498083
711.0,841.5035574058807,540.2515736888212
711.5,997.4992494456463,70.67706385647396
712.0,909.2723362185881,-416.2016561567134
712.5,598.4238431038592,-801.1796952025231
713.0,141.06032243614638,-990.0010027440429
713.5,-350.8396848146685,-936.4355373217871
714.0,-756.8419012610816,-653.5979930320403
714.5,-977.5428244946927,-210.7368650211409
715.0,-958.9071712941251,283.7199972520434
715.5,-705.4975995040048,708.7123091170964
716.0,-279.3576102663403,960.1871305044031
716.5,215.17886490179035,976.574654647343
717.0,657.0320493166914,753.8626441008392
717.5,938.0208732650574,346.57876639958675
718.0,989.3494728164958,-145.55968067333058
718.5,798.4508166533226,-602.0600413460788
719.0,412.0635536276707,-911.1551063193006
719.5,-75.2112385448783,-997.1676236202945
720.0,-544.0716964379951,-839.0387292223655
720.5,-879.7244278793156,-475.48389141211806
721.0,-999.9899379137493,4.485986096264875
721.5,-875.4230352785702,483.3575377540475
722.0,-536.522042161478,843.8863064861742
722.5,-66.26174126287889,997.8022758266345
723.0,420.22174485588954,907.4214484737904
723.5,803.820292088227,594.872203105169
724.0,990.6155976046185,136.67749552301828
724.5,934.8736559006202,-354.9806297574683
725.0,650.2420383735516,-759.727116491052
725.5,206.40849186873874,-978.465908698138
726.0,-287.96105219335976,-957.6421212643547
726.5,-711.8276876857308,-702.3541436084689
727.0,-961.4140793741277,-275.105376140123
727.5,-975.6127739435115,219.49878204274137
728.0,-750.9474357665121,660.3619830938941
728.5,-342.42397510645196,939.5455397543516
729.0,149.93681711330134,988.6955804866999
729.5,605.5878472744105,795.7784611520628
730.0,912.9698518082046,408.0270207833117
730.5,996.8249956826256,-79.6236647130328
731.0,836.6226151268321,-547.7797001152385
731.5,471.58584015423156,-881.8201604443094
732.0,-8.911595619283405,-999.9602909433546
732.5,-487.22716198243506,-873.2752673851137
733.0,-846.2525264509585,-532.7820018313022
733.5,-998.0857583556302,-61.8451208072771
734.0,-905.5527871571002,424.2336027143626
734.5,-591.3089114049607,806.4451446273828
735.0,-132.2919915216454,991.2107893779389
735.5,359.11462173067054,933.2934632039578
736.0,762.5974510230335,646.8733474901962
736.5,979.3698277890528,202.07607581413762
737.0,956.3583139954668,-292.19646687074805
737.5,699.1969307735457,-714.9291237576306
738.0,270.8477535528008,-962.6221971237736
738.5,-223.81439988330723,-974.6317840112107
739.0,-663.678982427899,-748.0175187009116
739.5,-941.0518034604353,-338.2624767896409
740.0,-988.0223226768295,154.31101675603995
740.5,-793.090518818782,609.1037916149884
741.0,-403.9824959550735,914.7667150492026
741.5,84.03453130054096,996.4628430348511
742.0,551.4769744870443,834.1901141889754
742.5,883.8986208872433,467.67855199231605
743.0,999.911057852144,-13.33703059178224
743.5,871.1103947375514,-491.0872429418091
744.0,529.0315259540843,-848.6021709533231
744.5,57.427288997565576,-998.3496914800895
745.0,-428.23715115227947,-903.6663888697973
745.5,-809.0542014072699,-587.7340377970675
746.0,-991.7865664060436,-127.90389633044991
746.5,-931.694990182874,363.24157976219374
747.0,-643.491986364181,765.4528486360741
747.5,-197.73970171593143,980.2545640624655
748.0,296.42615832557055,955.0557746332639
748.5,718.0165565852823,696.0260228392427
749.0,963.811460090061,266.5848258979956
749.5,973.6317040649908,-228.1256338939189
750.0,745.0729502920265,-666.9829823489767
750.5,334.0943529599991,-942.5396348802736
751.0,-158.68219392454156,-987.3297125739173
751.5,-612.6078055013674,-790.3870423019338
752.0,-916.5456608473168,-399.93005836265354
752.5,-996.0811727704184,88.44375191220621
753.0,-831.7412740539448,555.1634471352745
753.5,-463.7621034580285,885.9597684975232
754.0,17.76220433321534,999.8422396044413
754.5,494.93770502515525,868.9284597390239
755.0,850.9351939710193,525.2706879900148
755.5,998.5940700303815,53.00833236536799
756.0,901.7622905605737,-432.2323117525429
756.5,584.1476523021762,-811.6474113245578
757.0,123.51329589860735,-992.342917411246
757.5,-367.3614230177293,-930.078268146498
758.0,-768.2932534017909,-640.0980212258835
758.5,-981.1201001891368,-193.3994545102399
759.0,-953.7345286904526,300.6500437112895
759.5,-692.8414819138123,721.0899256954519
760.0,-262.31667667323904,964.9818449790168
760.5,232.432399630873,972.6125536933164
761.0,670.273918142016,742.1137882148196
761.5,944.0090048718637,329.9196852581454
762.0,986.617763744047,-163.05026300100226
762.5,787.6680845542387,-616.0998203007825
763.0,395.8697873807361,-918.3066543585159
763.5,-92.85124018507157,-995.6799923650641
764.0,-558.839045853363,-829.2761426869235
764.5,-888.00356290366,-459.8365712624492
765.0,-999.7538375481823,22.187030168153377
765.5,-866.7295051268708,498.77847281386323
766.0,-521.499561602246,853.251549807362
766.5,-48.58833746433977,998.8188892198882
767.0,436.2190062623474,899.8405295248098
767.5,814.2247235863066,580.549825166456
768.0,992.8798314963556,119.12027622436312
768.5,928.4433287614,-371.4740708023251
769.0,636.6915185525545,-771.1186096854635
769.5,189.05541920904494,-981.9664192158978
770.0,-304.86804029509034,-952.3946020461431
770.5,-724.1491708903704,-689.6433703725346
771.0,-966.1333288664309,-258.0433894783372
771.5,-971.5743528581824,236.7346127379858
772.0,-739.1400904300984,673.5517253477908
772.5,-325.7385554528727,945.4598846548042
773.0,167.41513842849596,985.8864901320879
773.5,619.5797676154943,784.9336988316466
774.0,920.0496610903988,391.80176253743724
774.5,995.2593096766682,-97.25690979011118
775.0,826.7947683721899,-562.5036986477305
775.5,455.90203229457916,-890.02996407406
776.0,-26.611421427981423,-999.6458534148893
776.5,-502.60947107920373,-864.5135739717931
777.0,-855.5511930921242,-517.7182206554476
777.5,-999.0241446450989,-44.16739086847283
778.0,-897.9011434038442,440.19715659471194
778.5,-576.940626860182,816.7860877109625
779.0,-114.7249233533481,993.3972981448904
779.5,375.5794425619663,926.7902040509722
780.0,773.928862147125,633.2725450670165
780.5,982.7935045659838,184.70768089852547
781.0,951.0360209453427,-309.0800654595016
781.5,686.4317508564961,-727.1942322489125
782.0,253.76504801373312,-967.265889198305
782.5,-241.03218894824542,-970.5171218947233
783.0,-676.8163397642243,-736.1519151833799
783.5,-946.8922458108603,-321.55104543954644
784.0,-985.1359060614225,171.77673471265032
784.5,-782.1839386922929,623.0475792841276
785.0,-387.726063512747,921.7746469028692
785.5,101.66067443392127,994.8191329450998
786.0,566.1573337391944,824.2971997121707
786.5,892.0389323178089,451.9585636198342
787.0,999.5182893196363,-31.035291452596546
787.5,862.2807096770098,-506.4306247838023
788.0,513.9267392143615,-857.8340787824261
788.5,39.74557917039982,-999.2098322856964
789.0,-444.1666848300092,-895.944170184236
789.5,-819.3314535293463,-573.3201280763554
790.0,-993.8953072212839,-110.32732337689328
790.5,-925.1189263948005,379.6774578851523
791.0,-629.8411677363565,776.7239557426453
791.5,-180.35632473739082,983.6013400393581
792.0,313.2860367040136,949.6588119984416
792.5,730.22505012777,683.2066862713624
793.0,968.3795037912948,249.48173607886707
793.5,969.440881510815,-245.3250440854624
794.0,733.1493210037495,-680.0676974476445
794.5,317.3572372385006,-948.3060602845192
795.0,-176.13496642332117,-984.3660262336646
795.5,-626.5031873830065,-779.4188579954512
796.0,-923.4815780088052,-383.6427701369688
796.5,-994.359470792056,106.0624478604103
797.0,-821.7834856264903,569.7998795643747
797.5,-448.0062424785354,894.0304282854493
798.0,35.45855359210518,999.3711477610086
798.5,510.2418590831088,860.0309559774072
799.0,860.1001621636173,510.12519154235
799.5,999.3759485046356,35.32298897969809
800.0,893.9696481970215,-448.1275132174923
800.5,569.6883997293189,-821.8607711856356
801.0,105.9275624303434,-994.3738489710827
801.5,-383.7680365044726,-923.429528528031
802.0,-779.5038357248096,-626.3974537706143
802.5,-984.3899098130289,-176.00143595521297
803.0,-948.263002180692,317.485871646694
803.5,-679.9682397861465,733.2415651626205
804.0,-245.1935375705356,969.4741508331443
804.5,249.61309406591857,968.3456527866684
805.0,683.3057347140384,730.1323667027151
805.5,949.70130038354,313.1572129934313
806.0,983.5768657283724,-180.48974819626608
806.5,776.6385109004763,-629.9465242274862
807.0,379.55196238915596,-925.1704209747201
807.5,-110.46214385248855,-993.8803322208928
808.0,-573.4312647770955,-819.2536753510116
808.5,-896.0044129697517,-444.045146284396
809.0,-999.2044316210529,39.881121208520355
809.5,-857.7643569386829,514.0430993268635
810.0,-506.31365209994203,862.3493988501522
810.5,-30.899706921193204,999.5224900482151
811.0,452.07956417681726,891.9776161169623
811.5,824.373991138342,566.0455129533673
812.0,994.8329140211382,101.52572669136998
812.5,921.7220435407285,-387.85109829817867
813.0,622.9414706214662,-782.2684476443909
813.5,171.64309985075678,-985.1591984413601
814.0,-321.6794880258018,-946.8486188316789
814.5,-736.2437182692901,-676.7164748319715
815.0,-970.5498088831129,-240.90053648124805
815.5,-967.2314571744176,253.8962549000138
816.0,-727.1011113730546,686.5303881402984
816.5,-308.9510549697874,951.0779387794964
817.0,184.84099473481592,982.7684400027525
817.5,633.3775223732766,773.8429518657448
818.0,926.841142721418,375.4537203955449
818.5,993.3817266164485,-114.8596762337568
819.0,816.7078184368715,-577.051418249783
819.5,440.0753526230057,-897.9608477064784
820.0,-44.30290767745863,-999.0181441652212
820.5,-517.8342710605592,-855.4809569564826
821.0,-864.58174478646,-502.49219554337424
821.5,-999.6494540461406,-26.475819633262294
822.0,-889.968112961789,456.02276029956266
822.5,-562.3915391013542,826.8710641612814
823.0,-97.1219023782833,995.2724933797895
823.5,391.92656329175315,919.9965048772281
824.0,785.0177373512154,619.4732859809036
824.5,985.9091908563734,167.28140179030964
825.0,945.415689654786,-325.8668037013981
825.5,673.4514551008277,-739.23145064491
826.0,236.60281689758148,-971.6064568723953
826.5,-258.1744426939111,-966.0983164976992
827.0,-689.7415945654649,-724.0556143876587
827.5,-952.4359485083119,-304.7388455531595
828.0,-981.940764891358,189.18862081154606
828.5,-771.0322356475883,636.7961146177652
829.0,-371.3481244279862,928.4937105246415
829.5,119.25495887019422,992.8636637448609
830.0,580.6602690748583,814.1459647495117
830.5,899.8996941751404,436.0969392503102
831.0,998.812289042307,-48.72382638983685
831.5,853.1808007555301,-521.6153000268997
832.0,498.66089672312836,-866.7971562478072
832.5,22.051413766137063,-999.756838011581
833.0,-459.957024350746,-887.941178091436
833.5,-829.3519413445374,-558.7265497432952
834.0,-995.6925784370407,-92.71617574834353
834.5,-918.2529463354805,395.9943516594764
835.0,-615.9929677799073,787.7516509952246
835.5,-162.91642720600913,986.6398723680435
836.0,330.0477366569554,943.9642427166514
836.5,742.2047037690692,670.1732445443255
837.0,972.6440741045343,232.30046299853345
837.5,964.9462529512244,-262.44757365118005
838.0,720.9959353983679,-692.9392910919631
838.5,300.5206672476664,-953.7753029707875
839.0,-193.53254126994537,-981.093856605777
839.5,-640.2022340013323,-768.20641729922
840.0,-930.1280920157128,-367.23525490237154
840.5,-992.3261537533747,123.64790567184552
841.0,-811.5681644677003,584.2577465661261
841.5,-432.1099840910888,901.8209143997487
842.0,53.1437907535685,998.5868702843738
842.5,525.3861121672538,850.8639333887515
843.0,868.9955898411542,494.81983068246603
843.5,999.8446398412175,17.626575980206557
844.0,885.8968512072711,-463.8822792703361
844.5,555.0506166649651,-831.8165740954203
845.0,88.30863309607147,-996.093160964728
845.5,-400.0543837259904,-916.4914020663904
846.0,-790.4701350275293,-612.500584187117
846.5,-987.3512286645856,-158.5482615941698
847.0,-942.4943064466191,334.222205000964
847.5,-666.8819073724425,745.1634194049605
848.0,-227.99355905387355,973.6626402558269
848.5,266.71556407443785,963.7752891003455
849.0,696.1234150868356,717.9221343348046
849.5,955.0959759331232,296.29660267433877
850.0,980.2277317343164,-197.8726710260844
850.5,765.3655521696576,-643.5958138086629
851.0,363.11519237705926,-931.7442551821671
851.5,-128.0384305945072,-991.7692071701438
852.0,-587.8437802601599,-808.9744680825502
852.5,-903.7244707495577,-428.114565237428
853.0,-998.3418923066762,57.562714195259815
853.5,-848.5304002363931,529.1466336231068
854.0,-490.96907265595837,871.1770025060052
854.5,-13.201392944319783,999.9128578152846
855.0,467.79844817476305,883.8351723513177
855.5,834.2649141394184,551.3638118664924
856.0,996.4742331166823,83.89936075155806
856.5,914.7119065731465,-404.1065799678586
857.0,608.9962036074961,-793.1731362014582
857.5,154.17699051360847,-988.043245812736
858.0,-338.39012696853564,-941.005909636182
858.5,-748.1075396005206,-663.5775080522664
859.0,-974.6621353757209,-223.6821894224926
859.5,-962.5854478806123,270.9783303669889
860.0,-714.8342714031983,699.2939041829684
860.5,-292.06673456950114,956.3979415274316
861.0,202.20892507028168,979.3424072416763
861.5,646.9767875700535,762.5096959026382
862.0,933.3421683683804,358.9880175512963
862.5,991.1928349040243,-132.42644764141278
863.0,806.3649263965291,-591.418299917681
863.5,424.11076094719164,-905.6103259398019
864.0,-61.98051016190544,-998.0773599075725
864.5,-532.8967907375062,-846.1802470051322
865.0,-873.3413515152515,-487.10869806801213
865.5,-999.9614905976039,-8.775951334088122
866.0,-881.7561819054705,471.7054543584236
866.5,-547.6662075609487,836.6969135211434
867.0,-79.48844507877358,996.8357874288818
867.5,408.1508610151242,912.9144947105467
868.0,795.8606015736018,605.4798946809916
868.5,988.7159102580251,149.8026995839686
869.0,939.4990814384173,-342.5514209230055
869.5,660.2601113067312,-751.0370066895658
870.0,219.36643855075033,-975.6425398872068
870.5,-275.23578903446224,-961.3767525973244
871.0,-702.4506962803133,-711.7324070852071
871.5,-957.6811742522448,-287.83114578315104
872.0,-978.4379004686175,206.541218468769
872.5,-759.638904435529,650.3450890627139
873.0,-354.85381126363745,934.9218002761893
873.5,136.81187086491738,990.5970482443611
874.0,594.9812355249355,803.739590522466
874.5,907.478443032427,420.0986496424884
875.0,997.7932782684322,-66.39709212258379
875.5,843.8135197271818,-536.6365100565047
876.0,483.23878253139316,-875.4885944760085
876.5,4.350337830187623,-999.9905372356097
877.0,-475.60322129518386,-879.6599205907044
877.5,-839.1125246052702,-543.9578761729348
878.0,-997.177816819599,-75.075972473876
878.5,-911.0992016843148,412.1871476528643
879.0,-601.9517262811897,798.532478504848
879.5,-145.425474484043,989.3692088250427
880.0,346.70600535753084,937.9738513674162
880.5,753.9517632929213,656.9297821133508
881.0,976.6038345872008,215.04639097082145
881.5,960.1492269250735,-279.4878566864465
882.0,708.6166021367329,-705.5937295471035
882.5,283.58991927733655,-958.9456489730134
883.0,-210.86946636535487,-977.5142291316226
883.5,-653.7006523120644,-756.753233998231
884.0,-936.4831199655038,-350.71265449036207
884.5,-989.9818588607675,141.19461436818102
885.0,-801.0985118825478,598.5325172950651
885.5,-416.0783099081355,909.3287854368131
886.0,70.81237357015183,997.4896529535338
886.5,540.3657183305994,841.4302647593888
887.0,877.6186893304462,479.35940184574446
887.5,999.9999971603686,-0.07536088333880192
888.0,877.5464294662773,-479.49167263987795
888.5,540.2388903371613,-841.5117000774693
889.0,70.66202936351883,-997.5003145895389
889.5,-416.21536082274207,-909.2660630504114
890.0,-801.1887146614145,-598.4117675139674
890.5,-990.0031287176959,-141.04540095009583
891.0,-936.4302492977055,350.8537988966876
891.5,-653.5865857029456,756.8517523195452
892.0,-210.72213129903983,977.5460006469211
892.5,283.73445003812384,958.9028949072806
893.0,708.7229424210652,705.4869175867314
893.5,960.1913409225991,279.3431381245312
894.0,976.5714113225486,-215.19358398308665
894.5,753.8527411120789,-657.0434115930277
895.0,346.5646283438878,-938.0260968549131
895.5,-145.57459230685114,-989.3472788028954
896.0,-602.0720756694737,-798.4417422073144
896.5,-911.161316910491,-412.0498204901196
897.0,-997.1664899099553,75.22626802293965
897.5,-839.030528782327,544.084342516166
898.0,-475.47063199610204,879.7315943566124
898.5,4.501058120779247,999.9898701865901
899.0,483.37073222980393,875.4157499289256
899.5,843.8943929453341,536.5093228970267
900.0,997.8032744219705,66.24670220315812
900.5,907.4151147143368,-420.2354216245545
901.0,594.8600877161377,-803.829258015873
901.5,136.66256477418324,-990.6176575194601
902.0,-354.99472029806435,-934.8683054636622
902.5,-759.7369169676464,-650.2305875583643
903.0,-978.4690196122566,-206.39374423424113
903.5,-957.6377809557247,287.975485911901
904.0,-702.3434147360163,711.838273610623
904.5,-275.09088550600677,961.4182257017604
905.0,219.5134866259111,975.6094655082719
905.5,660.373301431317,750.9374825887325
906.0,939.5507007222859,342.4098140711822
906.5,988.6933205002001,-149.951718890744
907.0,795.7693335346439,-605.5998413191904
907.5,408.01326029405453,-912.9760015598526
908.0,-79.63868902644415,-996.8237954674584
908.5,-547.7923097768896,-836.6143587993814
909.0,-881.8272681692509,-471.5725491514069
909.5,-999.9601565126302,8.926667196450717
910.0,-873.2679237120532,487.2403240862148
910.5,-532.7692469031903,846.2605565393011
911.0,-61.83007747535922,998.0866903828501
911.5,424.2472513177783,905.5463929304284
912.0,806.4540568481685,591.2967564540929
912.5,991.2127831936218,132.2770518024729
913.0,933.2880504589218,-359.1286884538535
913.5,646.8618534132023,-762.6072007257975
914.0,202.06131455610384,-979.3728734041285
914.5,-292.2108812390382,-956.3539098500642
915.0,-714.9396620961011,-699.1861551560592
915.5,-962.6262792796293,-270.8332447102039
916.0,-974.6284105303279,223.8290896803332
916.5,-748.0075155290649,663.6902566047174
917.0,-338.2482930521711,941.0569017053605
917.5,154.32590838552508,988.0199967616963
918.0,609.1157451462273,793.0813382087341
918.5,914.772803840854,403.9687083836355
919.0,996.4615763383645,-84.0495501550226
919.5,834.1818021358284,-551.4895474851917
920.0,467.66522966301216,-883.9056697206112
920.5,-13.35210142639704,-999.9108567204875
921.0,-491.1003724158074,-871.1029928849144
921.5,-848.6101445135637,-529.0187356121412
922.0,-998.3505569209378,-57.41224168810282
922.5,-903.6599343011504,428.25077132311213
923.0,-587.7218435224411,809.0630597466326
923.5,-127.88894793356276,991.788494083515
924.0,363.2556223924401,931.689515235779
924.5,765.4625473740416,643.4804492505139
925.0,980.2575443188443,197.72492712348878
925.5,955.0513067373524,-296.44055306127683
926.0,696.0152006877835,-718.0270471309174
926.5,266.57029913110136,-963.8154779941829
927.0,-228.14030861707352,-973.6282656045408
927.5,-666.9942121443647,-745.0628973220437
928.0,-942.5446703023312,-334.08014679814477
928.5,-987.3273207757081,158.69707511438838
929.0,-790.3778088790765,612.6197182849324
929.5,-399.9162439790905,916.5516885597104
930.0,88.45876501358538,996.0798396174231
930.5,555.1759832236519,831.7329064379089
931.0,885.9667583012528,463.7487500631885
931.5,999.841971775792,-17.777274130086713
932.0,868.9209998517899,-494.9508016122064
932.5,525.2578624847639,-850.9431108469807
933.0,52.99328137309047,-998.594868867907
933.5,-432.2459032240157,-901.7557757763767
934.0,-811.65621560899,-584.1354189426393
934.5,-992.3447789127488,-123.49833911679825
935.0,-930.0727311045811,367.3754412799875
935.5,-640.0864413015192,768.3029009849936
936.0,-193.38466687277682,981.1230150284443
936.5,300.66441853246374,953.7299971315442
937.0,721.1003682427745,692.8306134403524
937.5,964.9857985527065,262.30213226658185
938.0,972.6090503206482,-232.44705899272398
938.5,742.1036856436072,-670.2851033360164
939.0,329.9054569501611,-944.013977372425
939.5,-163.06513345973437,-986.6153061096098
940.0,-616.1116921033395,-787.6587984994263
940.5,-918.312620873588,-395.85594645562895
941.0,-995.6785927816724,92.86624723928816
941.5,-829.2677196718944,558.8515447864274
942.0,-459.8231870636247,888.0104935408426
942.5,22.202098632110747,999.7535030277863
943.0,498.79153625744567,866.7219873511559
943.5,853.2594098439771,521.486701184899
944.0,998.8196214384441,48.573283084049756
944.5,899.833954652667,-436.2325687682455
945.0,580.5375529616218,-814.23347364336
945.5,119.10531135058905,-992.8816267854287
946.0,-371.48806442202095,-928.4377297331149
946.5,-771.1282059249351,-636.6798960443081
947.0,-981.9692685810418,-189.04061881620535
947.5,-952.3900069129973,304.8823949201743
948.0,-689.632455789954,724.1595652348433
948.5,-258.0288277167968,966.1372180322502
949.0,236.7492564514017,971.570784641916
949.5,673.5628657213206,739.1299384555344
950.0,945.4647941364738,325.72430527744683
950.5,985.8839667095602,-167.4299978648472
951.0,784.9243603267638,-619.5915982045112
951.5,391.7878953418867,-920.0555662912838
952.0,-97.27191050322355,-995.2578436902936
952.5,-562.5161601806666,-826.7862901231482
953.0,-890.0368354089459,-455.88861755392514
953.5,-999.6454522092988,26.626488263880315
954.0,-864.5059984548473,502.6225011234452
954.5,-517.7053255779001,855.5589961354392
955.0,-44.15233339503894,999.0248102303433
955.5,440.21068986938786,897.8945085725369
956.0,816.7947833692505,576.9283160504251
956.5,993.3990271863697,114.70995068072452
957.0,926.7845431459863,-375.59341126500806
957.5,633.2608802025369,-773.9384068549049
958.0,184.6928680402032,-982.796288401154
958.5,-309.09439960733283,-951.0313623279636
959.0,-727.2045781869426,-686.4207903785773
959.5,-967.2697138800771,-253.7504691825292
960.0,-970.5134889047492,241.04681672640126
960.5,-736.1417140043101,676.827435099078
961.0,-321.5367736757958,946.8970921774763
961.5,171.7915828355704,985.1333169002302
962.0,623.0593684278799,782.1745479202525
962.5,921.7804906739026,387.7121703183684
963.0,994.8176005844565,-101.67566851211194
963.5,824.2886663951791,-566.1697576279195
964.0,451.9451186001038,-892.0457442158099
964.5,-31.05035636532437,-999.5178214367097
965.0,-506.44362117348453,-862.2730765672137
965.5,-857.8418246796035,-513.9138097291882
966.0,-999.2104312245924,-39.73051889875126
966.5,-895.9374755237202,444.18018860838816
967.0,-573.3077789028065,819.3400946185477
967.5,-110.3123431986884,993.8969699813028
968.0,379.6914013979365,925.1132037239935
968.5,776.7334487317823,629.8294607441221
969.0,983.6040582900275,180.34149970372383
969.5,949.6540899880773,-313.30035009383045
970.0,683.1956801127874,-730.2353474567127
970.5,249.46714046355376,-968.3832639141062
971.0,-245.33965564184547,-969.4371838182919
971.5,-680.0787475264989,-733.1390708199833
972.0,-948.3108434411563,-317.3429441659648
972.5,-984.3633713845213,176.14980294198148
973.0,-779.4094151401889,626.5149348505817
973.5,-383.6288512158868,923.4873602355253
974.0,106.07743500999183,994.3578720871581
974.5,569.812265565543,821.77489740869
975.0,894.0371806131416,447.99276744307474
975.5,999.3706132099103,-35.47361628658702
976.0,860.02326542427,-510.254821563673
976.5,510.1122279027994,-860.1078507629392
977.0,35.30792620481886,-999.376480785452
977.5,-448.1409872350771,-893.9628938384246
978.0,-821.8693575364985,-569.6760124338598
978.5,-994.3754454170729,-105.91257503997248
979.0,-923.4237442034922,383.7819545538891
979.5,-626.3857048799289,779.5132768093656
980.0,-175.98659903657764,984.3925624259556
980.5,317.50016399814166,948.2582168698319
981.0,733.251813680783,679.9571881624919
981.5,969.4778463233457,245.17892545699576
982.0,968.3418904640229,-249.62768911433375
982.5,730.1220677150218,-683.3167393204568
983.0,313.14289889206725,-949.7060202365112
983.5,-180.50457282006514,-983.5741452432785
984.0,-629.9582297887874,-776.6290161469485
984.5,-925.1761415438713,-379.538018013999
985.0,-993.8786672030539,110.47712377990915
985.5,-819.2450324006189,573.4436126481039
986.0,-444.0316414971394,896.0111055948781
986.5,39.89618138972473,999.203830412253
987.0,514.0560276444147,857.7566090928386
987.5,862.3570300010227,506.3006545599317
988.0,999.5229556605262,30.884641938116356
988.5,891.9708021925815,-452.09300816969375
989.0,566.0330877786267,-824.3825225826864
989.5,101.51073238238952,-994.8344441218302
990.0,-387.86499061161595,-921.7161976757548
990.5,-782.2778366394441,-622.9296800624539
991.0,-985.1617853645877,-171.6282513377624
991.5,-946.8437703140526,321.6937590589373
992.0,-676.705377959704,736.2539177759355
992.5,-240.8859081556877,970.5534396683212
993.0,253.91083315458928,967.2276302953418
993.5,686.5413470587346,727.0907637831594
994.0,951.0825952363545,308.9367201199639
994.5,982.7656539349939,-184.8558071733854
995.0,773.8334053999243,-633.3891857990285
995.5,375.4397508394402,-926.846801520952
996.0,-114.87464864560613,-993.3799953182812
996.5,-577.0637277487751,-816.6991209231754
997.0,-897.9674804979512,-440.0618183484699
997.5,-999.0174763104955,44.31796505040331
998.0,-855.4731519696875,517.8471649618717
998.5,-502.4791643574855,864.5893183394086
999.0,-26.460752737064126,999.6498529808264
999.5,456.03617400440464,889.9612396050878
1000.0,826.8795405320025,562.379076290703
1000.5,995.2739571052135,97.10690144438526
1001.0,919.9905975863219,-391.9404295971039
1001.5,619.461453984505,-785.0270740728647
1002.0,167.2665419737925,-985.911712039232
1002.5,-325.8810531366963,-945.4107780253606
1003.0,-739.2416009402618,-673.440313197301
1003.5,-971.6100228814947,-236.58817264652404
1004.0,-966.0944251371498,258.1890038691042
1004.5,-724.0452183982387,689.7525075812677
1005.0,-304.72449023565196,952.4405414778511
1005.5,189.20342077475615,981.9379132955049
1006.0,636.8077356795174,771.0226376564607
1006.5,928.4993074437201,371.3341299645538
1007.0,992.861866200276,-119.26992347320918
1007.5,814.1372128428693,-580.6725399607291
1008.0,436.0833757535898,-899.9062670030438
1008.5,-48.73888065959459,-998.8115545547367
1009.0,-521.6281592594221,-853.1729387806595
1009.5,-866.8046720544914,-498.64783214660184
1010.0,-999.7571702608278,-22.03634525193134
1010.5,-887.9342454370421,459.97040750482057
1011.0,-558.7140495408411,829.3603624756096
1011.5,-92.70116848334973,995.6939757585267
1012.0,396.0081916851428,918.2469777343475
1012.5,787.7609352605925,615.9810945778746
1013.0,986.6423277611509,162.90155637702694
1013.5,943.9592680716306,-330.0619642153141
1014.0,670.1620578277746,-742.2148046543147
1014.5,232.28580310881446,-972.6475752676779
1015.0,-262.46211746178244,-964.9422971854211
1015.5,-692.9501579913804,-720.9854912130486
1016.0,-953.7798323630459,-300.5062917436509
1016.5,-981.0909395376835,193.54732846791077
1017.0,-768.1967679707805,640.2138124714642
1017.5,-367.22123580571974,930.1336269447095
1018.0,123.66286217291595,992.3242899975806
1018.5,584.269978598527,811.5593583395344
1019.0,901.8274271353413,432.0963916378506
1019.5,998.5860691783454,-53.158841625272856
1020.0,850.8560145797973,-525.3989364791138
1020.5,494.8067329711963,-869.0030477543627
1021.0,17.611506143138744,-999.8449053985173
1021.5,-463.89563161150886,-885.8898593909738
1022.0,-831.8249398218998,-555.0380793155483
1022.5,-996.094491854907,-88.29361979392766
1023.0,-916.4853722719367,400.0681972008891
1023.5,-612.4886700120095,790.479366654766
1024.0,-158.53338004399595,987.3536182198484
1024.5,334.2364104037093,942.489268883441
1025.0,745.1734706822544,666.8706760619807
1025.5,973.6660765044375,227.9788838126348
1026.0,963.7712690067693,-266.73009023558143
1026.5,717.9116421581549,-696.1342356570185
1027.0,296.28220726538683,-955.100441659384
1027.5,-197.88744516916972,-980.224749251119
1028.0,-643.6073494603881,-765.3558516929062
1028.5,-931.7497280126698,-363.1011489217787
1029.0,-991.7672772396455,128.0533787006816
1029.5,-808.9656079053453,587.8559731995032
1030.0,-428.100944093906,903.730923265275
1030.5,57.577761374110885,998.3410245978805
1031.0,529.1594227631156,848.5224247484601
1031.5,871.1844023796606,490.9559420664889
1032.0,999.9130566754362,13.186322079561247
1032.5,883.8281215100649,-467.811769441503
1033.0,551.3512376156806,-834.2732242974464
1033.5,83.88434170632827,-996.4754975494861
1034.0,-404.1203666214265,-914.7058157034774
1034.5,-793.1823150097447,-608.9842486926754
1035.0,-988.04556948335,-154.16209853372644
1035.5,-941.0008092535166,338.40430993742785
1036.0,-663.56623236788,748.1175410729898
1036.5,-223.66749911717648,974.6655066424931
1037.0,270.99283859415124,962.5813635380046
1037.5,699.3046782119756,714.8237314407276
1038.0,956.4023435002251,292.05231953757414
1038.5,979.3393594017922,-202.2236858691073
1039.0,762.4999444675773,-646.9882801774245
1039.5,358.9739500124547,-933.3475789931936
1040.0,-132.44138705990417,-991.1908388366231
1040.5,-591.430453525145,-806.356012343829
1041.0,-905.6167181092594,-424.0971113801818
1041.5,-998.0764256130055,61.99555335317566
1042.0,-846.1722149944356,532.9095444551641
1042.5,-487.09553485753054,873.3486932044132
1043.0,-8.760879736830363,999.961622756712
1043.5,471.71874428980846,881.7490721773663
1044.0,836.7051679479498,547.6535966550325
1044.5,996.8369853795443,79.47342058463433
1045.0,912.9083428849632,-408.16462057732355
1045.5,605.4678992606173,-795.8697273831534
1046.0,149.78779746606605,-988.7181679984772
1046.5,-342.56558118024424,-939.4939183361655
1047.0,-751.0469581613124,-660.2487914692763
1047.5,-975.645846106108,-219.35173346909443
1048.0,-961.3726040856847,275.2502790434721
1048.5,-711.7218195433604,702.4614235571148
1049.0,-287.81671141059485,957.6855123853501
1049.5,206.55596563421665,978.4347873317446
1050.0,650.3565384006262,759.6291022331588
1050.5,934.9271485893355,354.8397199167742
1051.0,990.5949860791541,-136.82680130310885
1051.5,803.730622768869,-594.9933495624687
1052.0,420.08497191934333,-907.4847747304219
1052.5,-66.41213103162369,-997.7922774063941
1053.0,-536.6492281020062,-843.8054313510437
1053.5,-875.4958778368756,-483.2255869577258
1054.0,-999.9906026910859,-4.33526579563649
1054.5,-879.6527521150064,475.616479630905
1055.0,-543.9452288589227,839.1207231391763
1055.5,-75.06094282511056,997.178948264656
1056.0,412.2008798541881,911.0929890233122
1056.5,798.5415511369188,601.939690590215
1057.0,989.3714005911104,145.4105625200062
1057.5,937.9686256467069,-346.7201426257605
1058.0,656.9184183445477,-753.9616645690268
1058.5,215.03167140085267,-976.6070756934723
1059.0,-279.5023281934896,-960.1450143256585
1059.5,-705.6044098615854,-708.6059672228874
1060.0,-958.9499231814597,-283.5754658468757
1060.5,-977.5110507587377,210.8841996085733
1061.0,-756.7433812205467,653.7120581562608
1061.5,-350.6985396114829,936.4884058622259
1062.0,141.2095355336316,989.979730638146
1062.5,598.544591525391,801.0894906037046
1063.0,909.335056539327,416.0646042967595
1063.5,997.488585543628,-70.82740790239583
1064.0,841.4221201762355,-540.3784004548374
1064.5,479.3461741673517,-877.6259142203602
1065.0,-0.09043305996889882,-999.9999959109308
1065.5,-479.5048991202459,-877.5392023833937
1066.0,-841.5198425578914,-540.226206862775
1066.5,-997.5013795068288,-70.64699485451135
1067.0,-909.2597896756763,416.2290653942189
1067.5,-598.399691788134,801.1977339382995
1068.0,-141.03047943200392,990.0052544664494
1068.5,350.867912899003,936.4249610608945
1069.0,756.8616032060743,653.5751782253751
1069.5,977.5491765770798,210.70739752906888
1070.0,958.8986183026018,-283.74890275974826
1070.5,705.4762355091922,-708.733575564033
1071.0,279.3286659192636,-960.1955511226682
1071.5,-215.20830301549736,-976.568167775906
1072.0,-657.0547737201031,-753.8428379520655
1072.5,-938.0313202316771,-346.5504902094595
1073.0,-989.3450845645447,145.58950390730143
1073.5,-798.4326675799238,602.0841098560957
1074.0,-412.03608725896305,911.1675272946925
1074.5,75.2412974839118,997.165355973089
1075.0,544.0969884707371,839.0223281516855
1075.5,879.7387606340602,475.45737247207325
1076.0,999.9898022322627,-4.516130144271112
1076.5,875.4084643804124,-483.3839265957528
1077.0,536.4966035106962,-843.9024792127861
1077.5,66.23166312838805,-997.8042727906349
1078.0,-420.2490982977543,-907.4087807487452
1078.5,-803.8382237609127,-594.8479721919718
